Extracted from binary .IPL files. If some coordinates are missing please send me a message!

format: x, y, z, angle (degrees), vehicle model, misc flags

-166.003998, 1013.299988, 18.792000, -179.999847, -1, -1, -1, 0, 0, 0, -1, -1
-31.939501, 962.560974, 18.781300, -179.999847, 478, -1, -1, 0, 0, 0, -1, -1
70.779701, 1000.190002, 13.523200, -179.999847, 543, -1, -1, 0, 0, 0, -1, -1
-101.399002, 887.749023, 19.527399, -179.999847, -1, -1, -1, 0, 0, 0, -1, -1
-154.692001, 871.552002, 17.515400, 90.000206, -1, -1, -1, 0, 0, 0, -1, -1
-4.193160, 957.390015, 18.814899, 100.000038, -1, -1, -1, 0, 0, 0, -1, -1
-172.671997, 1013.320007, 18.792000, -179.999847, -1, -1, -1, 0, 0, 0, -1, -1
-80.634300, 1076.569946, 18.798800, -179.999847, -1, -1, -1, 0, 0, 0, -1, -1
-210.598999, 998.491028, 18.792000, -90.000206, -1, -1, -1, 0, 0, 0, -1, -1
-304.221008, 1023.780029, 18.792000, -90.000206, 442, -1, -1, 0, 0, 0, -1, -1
-303.989990, 1011.960022, 18.792000, 90.000206, -1, -1, -1, 0, 0, 0, -1, -1
-492.911011, 615.992981, 0.068696, 179.500229, 473, -1, -1, 0, 0, 0, -1, -1
-85.139702, 1339.550049, 10.208800, -171.500031, -1, -1, -1, 0, 0, 0, -1, -1
-90.949097, 1338.709961, 10.208800, -171.500031, -1, -1, -1, 0, 0, 0, -1, -1
-292.585999, 1569.369995, 75.047401, -45.999973, -1, -1, -1, 0, 0, 0, -1, -1
-299.929993, 1576.930054, 75.047401, -45.999973, -1, -1, -1, 0, 0, 0, -1, -1
-287.428986, 1564.510010, 75.047401, -45.999973, -1, -1, -1, 0, 0, 0, -1, -1
-336.326996, 1515.660034, 75.047401, 179.500229, -1, -1, -1, 0, 0, 0, -1, -1
-326.864014, 1515.479980, 75.047401, 179.500229, -1, -1, -1, 0, 0, 0, -1, -1
-290.368988, 1322.060059, 53.692200, -97.999847, -1, -1, -1, 0, 0, 0, -1, -1
9.238490, 1165.729980, 18.774500, -179.999847, -1, -1, -1, 0, 0, 0, -1, -1
-138.298996, 1083.349976, 18.798800, -179.999847, -1, -1, -1, 0, 0, 0, -1, -1
-85.573303, 1120.280029, 18.798800, -10.500024, -1, -1, -1, 0, 0, 0, -1, -1
-138.291000, 1124.650024, 18.798800, -88.000015, -1, -1, -1, 0, 0, 0, -1, -1
-135.843994, 1177.819946, 18.798800, 179.999847, -1, -1, -1, 0, 0, 0, -1, -1
-139.873001, 1177.880005, 18.798800, 179.999847, -1, -1, -1, 0, 0, 0, -1, -1
-96.616600, 1222.969971, 18.798800, 2.000001, -1, -1, -1, 0, 0, 0, -1, -1
-86.972603, 1222.969971, 18.798800, 2.000001, -1, -1, -1, 0, 0, 0, -1, -1
-82.021301, 1222.969971, 18.798800, 2.000001, -1, -1, -1, 0, 0, 0, -1, -1
-12.927400, 1224.939941, 18.798800, 91.999832, -1, -1, -1, 0, 0, 0, -1, -1
63.007702, 1221.839966, 18.798800, -10.999988, -1, -1, -1, 0, 0, 0, -1, -1
-30.697399, 1165.989990, 18.798800, 179.000031, -1, -1, -1, 0, 0, 0, -1, -1
-176.858002, 1224.890015, 18.798800, 90.000206, -1, -1, -1, 0, 0, 0, -1, -1
-201.375000, 1218.719971, 18.798800, 14.999978, -1, -1, -1, 0, 0, 0, -1, -1
-160.115997, 1230.670044, 18.798800, 14.999978, -1, -1, -1, 0, 0, 0, -1, -1
-325.140991, 1117.229980, 19.351101, -90.000206, 509, -1, -1, 0, 0, 0, -1, -1
-263.321014, 1170.790039, 19.351101, 5.000008, 510, -1, -1, 0, 0, 0, -1, -1
-38.706902, 1083.199951, 19.187201, 5.000008, 511, -1, -1, 0, 0, 0, -1, -1
46.378101, 1122.810059, 18.946899, -90.000206, -1, -1, -1, 0, 0, 0, -1, -1
58.002201, 1158.290039, 17.898300, -179.999847, -1, -1, -1, 0, 0, 0, -1, -1
51.124199, 1157.849976, 17.898300, -179.999847, -1, -1, -1, 0, 0, 0, -1, -1
53.229801, 1177.530029, 17.898300, 0.000000, -1, -1, -1, 0, 0, 0, -1, -1
-13.380600, 1389.479980, 8.653760, -175.000229, 604, -1, -1, 0, 0, 0, -1, -1
-20.762199, 1341.140015, 8.653760, -60.000137, 604, -1, -1, 0, 0, 0, -1, -1
-421.559998, 1158.579956, 0.068696, 88.999825, 452, -1, -1, 0, 0, 0, -1, -1
500.877014, 2384.250000, 29.130100, 143.999756, -1, -1, -1, 0, 0, 50, -1, -1
507.217010, 2380.760010, 29.348200, 143.999756, -1, -1, -1, 0, 0, 50, -1, -1
515.054016, 2373.169922, 29.371599, 143.999756, -1, -1, -1, 0, 0, 50, -1, -1
521.223022, 2372.149902, 29.664801, 143.999756, -1, -1, -1, 0, 0, 50, -1, -1
529.838013, 2365.120117, 29.763901, 143.999756, -1, -1, -1, 0, 0, 50, -1, -1
258.436005, 2890.040039, 10.370900, 90.000206, 605, -1, -1, 0, 0, 0, -1, -1
266.703003, 2951.870117, 1.000000, -0.000017, 447, -1, -1, 0, 0, 0, -1, -1
422.183990, 2976.449951, 1.000000, -40.000015, 454, -1, -1, 0, 0, 0, -1, -1
805.164001, 3002.459961, 1.000000, -40.000015, 453, -1, -1, 0, 0, 0, -1, -1
321.744995, 1137.900024, 7.939620, 115.000076, -1, -1, -1, 0, 0, 0, -1, -1
405.727997, 1152.560059, 7.281540, 75.000175, -1, -1, -1, 0, 0, 0, -1, -1
509.425995, 1122.660034, 14.089600, -139.999939, -1, -1, -1, 0, 0, 0, -1, -1
840.184021, 831.942993, 12.535800, 20.000008, -1, -1, -1, 0, 0, 0, -1, -1
852.080017, 835.736023, 12.658400, -154.999985, -1, -1, -1, 0, 0, 0, -1, -1
859.919006, 838.666992, 12.413800, -154.999985, -1, -1, -1, 0, 0, 0, -1, -1
586.021973, 1222.530029, 11.092200, 30.000015, -1, -1, -1, 0, 0, 0, -1, -1
593.771973, 1226.609985, 11.092200, 30.000015, -1, -1, -1, 0, 0, 0, -1, -1
639.637024, 1246.890015, 10.840600, 120.000275, -1, -1, -1, 0, 0, 0, -1, -1
708.804993, 1202.630005, 12.450200, 85.000008, -1, -1, -1, 0, 0, 0, -1, -1
279.843994, 1346.719971, 9.716530, 90.000206, -1, -1, -1, 0, 0, 0, -1, -1
279.843994, 1363.560059, 9.716530, 90.000206, -1, -1, -1, 0, 0, 0, -1, -1
723.364014, 1217.390015, 13.026600, -14.999978, 512, -1, -1, 0, 0, 0, -1, -1
-291.428986, 1756.969971, 41.835701, -92.500023, -1, -1, -1, 0, 0, 0, -1, -1
-301.063995, 1762.979980, 41.835701, 89.500015, -1, -1, -1, 0, 0, 0, -1, -1
-291.303009, 1731.619995, 41.835701, 47.000015, 588, -1, -1, 0, 0, 0, -1, -1
-301.063995, 1750.800049, 41.835701, 89.500015, -1, -1, -1, 0, 0, 0, -1, -1
-17.425699, 2355.739990, 23.507099, 143.999756, 424, -1, -1, 1, 0, 0, -1, -1
-483.519989, 2182.469971, 42.670700, 179.500229, 473, -1, -1, 0, 0, 0, -1, -1
-806.578979, 2229.199951, 40.952900, -90.499832, 460, -1, -1, 0, 0, 0, -1, -1
-346.606995, 1609.060059, 75.047401, 93.000221, 495, -1, -1, 1, 0, 0, -1, -1
-127.788002, 2244.310059, 31.112200, 169.959335, 422, -1, -1, 1, 0, 0, -1, -1
-527.669983, 1634.550049, 0.068696, -127.999916, 473, -1, -1, 0, 0, 0, -1, -1
-622.862976, 1804.140015, 0.068696, 88.999825, 447, -1, -1, 0, 0, 0, -1, -1
-865.481995, 2758.570068, 45.063702, 94.999840, -1, -1, -1, 0, 0, 0, -1, -1
-786.687012, 2761.570068, 44.754601, 91.000023, -1, -1, -1, 0, 0, 0, -1, -1
-786.681030, 2756.010010, 44.754601, 91.000023, -1, -1, -1, 0, 0, 0, -1, -1
-766.366028, 2761.010010, 44.754601, 1.500009, -1, -1, -1, 0, 0, 0, -1, -1
-201.593994, 2595.969971, 62.313202, 51.000004, 588, -1, -1, 0, 0, 0, 100, 200
-821.083008, 2756.840088, 44.754601, 91.000023, -1, -1, -1, 0, 0, 0, -1, -1
-875.843018, 2756.459961, 44.754601, -86.500008, -1, -1, -1, 0, 0, 0, -1, -1
-616.655029, 2709.360107, 72.236397, -179.500229, -1, -1, -1, 0, 0, 0, -1, -1
-595.780029, 2709.129883, 71.550697, -179.500229, 471, -1, -1, 0, 0, 0, -1, -1
-231.636002, 2595.600098, 62.313202, -1.000006, 423, -1, -1, 0, 0, 0, -1, -1
-158.216003, 2701.600098, 61.500000, -20.000008, 471, -1, -1, 0, 0, 0, -1, -1
-303.924011, 2686.300049, 61.839199, -90.000206, -1, -1, -1, 0, 0, 0, -1, -1
-337.411011, 2679.929932, 62.379299, -175.000229, 584, -1, -1, 0, 0, 0, -1, -1
-290.501007, 2721.320068, 61.511200, -179.999847, -1, -1, -1, 0, 0, 0, -1, -1
-255.205002, 2767.419922, 61.511200, -179.999847, -1, -1, -1, 0, 0, 0, -1, -1
-214.776001, 2781.979980, 61.783001, 79.999809, -1, -1, -1, 0, 0, 0, -1, -1
-236.343002, 2815.719971, 61.093700, -19.999952, -1, -1, -1, 0, 0, 0, -1, -1
-171.863998, 2759.429932, 62.017799, 25.000040, 604, -1, -1, 0, 0, 0, -1, -1
-226.843994, 2595.590088, 62.313202, -1.000006, 422, -1, -1, 0, 0, 0, -1, -1
-740.182983, 2757.979980, 46.242298, -53.499992, 604, -1, -1, 0, 0, 0, -1, -1
-91.590698, 3001.320068, 1.000000, 60.000137, 473, -1, -1, 0, 0, 0, -1, -1
-615.674011, 3016.620117, 1.000000, -40.000015, 473, -1, -1, 0, 0, 0, -1, -1
-1037.680054, 2994.000000, 1.000000, 75.000175, 473, -1, -1, 0, 0, 0, -1, -1
-832.898987, 3020.469971, 1.000000, -40.000015, 453, -1, -1, 0, 0, 0, -1, -1
-300.977997, 3054.399902, 1.000000, -40.000015, 453, -1, -1, 0, 0, 0, -1, -1
296.127014, 1925.949951, 17.246201, -124.999908, 548, -1, -1, 0, 0, 0, -1, -1
301.808014, 1863.880005, 17.246201, 0.000037, 433, -1, -1, 0, 0, 0, -1, -1
304.806000, 1839.459961, 19.616301, -24.999981, 470, -1, -1, 0, 0, 0, -1, -1
653.023987, 1714.969971, 6.046260, -137.500137, -1, -1, -1, 0, 0, 0, -1, -1
725.039001, 1946.689941, 4.674570, 0.000000, -1, -1, -1, 0, 0, 0, -1, -1
680.841003, 1831.319946, 4.674570, 9.499984, 588, -1, -1, 0, 0, 0, -1, -1
781.731018, 1886.900024, 4.051610, 90.000206, -1, -1, -1, 0, 0, 0, -1, -1
778.020020, 1943.069946, 4.786750, 90.000206, -1, -1, -1, 0, 0, 0, -1, -1
588.380005, 1647.310059, 6.046260, -117.499893, 435, -1, -1, 0, 0, 0, -1, -1
597.833008, 1653.430054, 6.046260, -117.499893, 443, -1, -1, 0, 0, 0, -1, -1
613.333984, 1662.239990, 6.046260, -117.499893, 591, -1, -1, 0, 0, 0, -1, -1
581.033997, 1641.420044, 6.046260, -117.499893, 403, -1, -1, 0, 0, 0, -1, -1
-1493.060059, 1879.020020, 32.107800, 179.999847, -1, -1, -1, 0, 0, 0, -1, -1
-1489.239990, 1879.020020, 32.107800, 179.999847, -1, -1, -1, 0, 0, 0, -1, -1
-1192.719971, 1822.349976, 41.317402, 50.000019, -1, -1, -1, 0, 0, 0, -1, -1
-1196.280029, 1818.430054, 41.317402, 30.000015, -1, -1, -1, 0, 0, 0, -1, -1
-1200.760010, 1814.390015, 41.317402, -139.999939, -1, -1, -1, 0, 0, 0, -1, -1
-938.254028, 1432.040039, 29.064199, -37.999992, 471, -1, -1, 0, 0, 0, -1, -1
-1055.069946, 1543.510010, 32.879002, 0.000000, 468, -1, -1, 0, 0, 0, -1, -1
-680.580994, 948.197998, 11.292600, 37.000008, 421, -1, -1, 0, 0, 0, -1, -1
-795.158020, 1825.849976, 1.000000, -172.499832, 473, -1, -1, 0, 0, 0, -1, -1
-1926.930054, 2360.889893, 48.251900, 0.000000, -1, -1, -1, 0, 0, 0, -1, -1
-1925.969971, 2375.399902, 48.706600, 112.500267, -1, -1, -1, 0, 0, 0, -1, -1
-1665.550049, 2557.870117, 84.382500, -79.000000, 510, -1, -1, 0, 0, 0, -1, -1
-2044.869995, 2348.229980, 1.000000, 85.000008, 460, -1, -1, 0, 0, 0, -1, -1
-1307.739990, 2707.110107, 49.572201, -179.999847, -1, -1, -1, 0, 0, 0, -1, -1
-1287.400024, 2709.060059, 49.572201, -179.999847, -1, -1, -1, 0, 0, 0, -1, -1
-1400.979980, 2653.090088, 55.225601, 90.000206, -1, -1, -1, 0, 0, 0, -1, -1
-1400.979980, 2659.639893, 55.225601, 90.000206, -1, -1, -1, 0, 0, 0, -1, -1
-1367.729980, 2046.609985, 51.788700, -124.999908, -1, -1, -1, 0, 0, 0, -1, -1
-910.205017, 2016.670044, 60.345100, 124.999908, -1, -1, -1, 0, 0, 0, -1, -1
-918.140991, 2026.500000, 60.345100, 134.999741, -1, -1, -1, 0, 0, 0, -1, -1
-929.390015, 2019.959961, 60.345100, -44.999992, -1, -1, -1, 0, 0, 0, -1, -1
-907.487000, 1991.869995, 60.091499, -26.000021, 588, -1, -1, 0, 0, 0, -1, -1
-1182.910034, 2800.949951, 42.609001, -85.000008, 452, -1, -1, 0, 0, 0, -1, -1
-1500.069946, 1974.270020, 47.762199, -134.999741, 610, -1, -1, 0, 0, 0, -1, -1
-1335.219971, 2696.770020, 49.493099, -54.999996, 584, -1, -1, 0, 0, 0, -1, -1
-1432.020020, 2182.489990, 50.439098, 0.000000, 605, -1, -1, 0, 0, 0, -1, -1
-1539.930054, -2747.540039, 47.706100, -5.927478, -1, -1, -1, 0, 0, 0, -1, -1
-1530.760010, -2751.439941, 47.706100, -5.927478, -1, -1, -1, 0, 0, 0, -1, -1
-1558.079956, -2741.739990, 47.706100, -34.607738, -1, -1, -1, 0, 0, 0, -1, -1
-1571.709961, -2732.260010, 47.706100, -34.607738, -1, -1, -1, 0, 0, 0, -1, -1
-1562.750000, -2738.550049, 47.706100, 144.270767, -1, -1, -1, 0, 0, 0, -1, -1
-1305.170044, -2394.739990, 24.159000, 0.000000, 605, -1, -1, 0, 0, 0, -1, -1
-1941.849976, -2430.050049, 30.053801, -148.499771, 450, -1, -1, 0, 0, 0, -1, -1
-1851.150024, -2779.969971, 0.824284, 139.000122, 473, -1, -1, 0, 0, 0, -1, -1
-1220.209961, -2632.050049, 10.632000, 85.500198, 478, -1, -1, 0, 0, 0, -1, -1
-1347.849976, -2268.320068, 37.057201, -33.000023, 471, -1, -1, 0, 0, 0, -1, -1
-2118.679932, -2471.110107, 29.622101, -130.000107, -1, -1, -1, 0, 0, 0, -1, -1
-2098.159912, -2541.570068, 29.622101, -130.000107, -1, -1, -1, 0, 0, 0, -1, -1
-2124.800049, -2503.939941, 29.622101, -130.000107, -1, -1, -1, 0, 0, 0, -1, -1
-2168.919922, -2528.560059, 29.622101, -39.999962, -1, -1, -1, 0, 0, 0, -1, -1
-2200.860107, -2502.959961, 29.622101, -39.999962, -1, -1, -1, 0, 0, 0, -1, -1
-2237.000000, -2476.739990, 30.292500, -39.999962, -1, -1, -1, 0, 0, 0, -1, -1
-2151.790039, -2550.090088, 29.640100, -40.499977, 509, -1, -1, 0, 0, 0, -1, -1
-2236.530029, -2571.520020, 31.113300, 57.999943, 584, -1, -1, 0, 0, 0, -1, -1
-2243.110107, -2821.870117, 2.747140, 95.500031, 424, -1, -1, 0, 0, 0, -1, -1
-2251.419922, -2848.030029, 0.824284, 165.500000, 473, -1, -1, 0, 0, 0, -1, -1
-2226.760010, -2328.300049, 29.622101, -40.000015, -1, -1, -1, 0, 0, 0, -1, -1
-2237.189941, -2319.610107, 29.622101, -40.000015, -1, -1, -1, 0, 0, 0, -1, -1
-2222.350098, -2313.679932, 29.622101, 139.999939, -1, -1, -1, 0, 0, 0, -1, -1
-2191.729980, -2267.629883, 29.622101, 139.999939, -1, -1, -1, 0, 0, 0, -1, -1
-2196.879883, -2263.520020, 29.622101, 139.999939, -1, -1, -1, 0, 0, 0, -1, -1
-2217.250000, -2405.120117, 30.771601, -130.000107, -1, -1, -1, 0, 0, 0, -1, -1
-2205.770020, -2297.300049, 29.909300, -36.499992, 442, -1, -1, 0, 0, 0, -1, -1
-1994.619995, -2382.659912, 29.917299, -19.000025, 478, -1, -1, 0, 0, 0, -1, -1
-2822.820068, -1528.180054, 138.529999, 0.000000, 468, -1, -1, 0, 0, 0, -1, -1
-2678.649902, -2172.580078, 0.824284, 76.500183, 473, -1, -1, 0, 0, 0, -1, -1
-2978.040039, -1536.869995, -0.138000, 47.499977, 473, -1, -1, 0, 0, 0, -1, -1
-2099.020020, -2241.949951, 29.622101, 139.999939, -1, -1, -1, 0, 0, 0, -1, -1
-2211.969971, -2152.139893, 44.010700, 40.000015, -1, -1, -1, 0, 0, 0, -1, -1
-2232.459961, -2168.449951, 44.010700, -90.000206, -1, -1, -1, 0, 0, 0, -1, -1
-1862.400024, -1561.839966, 21.437099, 87.000206, 481, -1, -1, 0, 0, 0, -1, -1
-1645.400024, -2251.610107, 30.974400, 67.500160, 471, -1, -1, 0, 0, 0, -1, -1
-1826.439941, -1638.630005, 21.237600, 59.499950, 604, -1, -1, 0, 0, 0, -1, -1
-2163.699951, -1935.150024, 235.873993, 41.999985, 471, -1, -1, 0, 0, 0, -1, -1
-1898.030029, -1707.550049, 21.743900, 118.500275, 486, -1, -1, 0, 0, 0, -1, -1
-1915.489990, -1638.589966, 21.237600, -109.999878, 525, -1, -1, 0, 0, 0, -1, -1
-1694.239990, -1910.880005, 98.408203, -92.500023, 424, -1, -1, 0, 0, 0, -1, -1
-1819.560059, -1612.390015, 22.321899, -179.000031, 524, -1, -1, 0, 0, 0, -1, -1
-1851.750000, -1618.069946, 22.321899, 151.999969, 524, -1, -1, 0, 0, 0, -1, -1
-1030.180054, -653.585999, 31.171900, -90.699791, -1, -1, -1, 0, 10, 10, -1, -1
-1030.150024, -643.401978, 31.171900, 89.709145, -1, -1, -1, 0, 10, 10, -1, -1
-1006.070007, -658.609009, 31.171900, 89.709145, -1, -1, -1, 0, 10, 10, -1, -1
-982.935974, -630.635986, 31.171900, 89.709145, -1, -1, -1, 0, 10, 10, -1, -1
-982.796021, -663.768005, 31.171900, -89.508614, -1, -1, -1, 2, 10, 10, -1, -1
-933.182007, -497.729004, 25.092400, -176.079086, -1, -1, -1, 0, 10, 10, -1, -1
-960.679016, -520.447998, 25.092400, -86.191185, -1, -1, -1, 2, 10, 10, -1, -1
-923.703979, -532.682983, 25.092400, -86.191185, 468, -1, -1, 2, 10, 10, -1, -1
-1055.079956, -658.354004, 31.171900, -91.322029, 530, -1, -1, 2, 10, 10, -1, -1
-981.307007, -709.414001, 31.171900, -91.322029, 530, -1, -1, 2, 10, 10, -1, -1
-1429.869995, -964.187012, 200.082993, -92.041092, 531, -1, -1, 0, 0, 0, -1, -1
-1419.449951, -961.166016, 200.014999, -175.671722, 468, -1, -1, 0, 0, 0, -1, -1
-1427.810059, -950.046997, 200.134003, -88.113464, 512, -1, -1, 1, 0, 0, -1, -1
-1003.900024, -641.614990, 31.171900, 89.709145, -1, -1, -1, 0, 10, 10, -1, -1
-1003.820007, -631.533997, 31.171900, 89.709145, -1, -1, -1, 2, 10, 10, -1, -1
-1004.320007, -649.237976, 31.171900, 89.709145, -1, -1, -1, 2, 10, 10, -1, -1
-1189.339966, -676.447021, 48.842300, 0.000000, -1, -1, -1, 0, 0, 0, -1, -1
-1218.270020, -739.252991, 59.409698, -36.758049, -1, -1, -1, 2, 0, 0, -1, -1
-647.432983, -2909.550049, 0.000000, 85.000008, 453, -1, -1, 1, 0, 0, -1, -1
-878.497986, -2638.520020, 97.630898, 0.000000, 510, -1, -1, 0, 0, 0, -1, -1
-891.013977, -2634.820068, 97.630898, -51.050079, 510, -1, -1, 2, 0, 0, -1, -1
-871.291992, -2280.669922, 28.408199, 0.000000, 604, -1, -1, 2, 0, 0, -1, -1
-784.401978, -2363.199951, 50.216499, 0.000000, 604, -1, -1, 2, 0, 0, -1, -1
-1013.190002, -2460.770020, 73.510498, 0.000000, 604, -1, -1, 2, 0, 0, -1, -1
-1002.039978, -2395.969971, 68.713303, 0.000000, 471, -1, -1, 0, 0, 0, -1, -1
-1165.560059, -2335.399902, 23.796600, 0.000000, 471, -1, -1, 0, 0, 0, -1, -1
-1245.550049, -2439.389893, 0.000000, 0.000000, 473, -1, -1, 0, 0, 0, -1, -1
-729.268005, -2086.959961, 12.559100, 0.000000, 471, -1, -1, 0, 0, 0, -1, -1
-789.820007, -2699.679932, 84.409500, 0.000000, 510, -1, -1, 2, 0, 0, -1, -1
-1121.560059, -1658.810059, 75.366798, 0.000000, 478, -1, -1, 0, 0, 0, -1, -1
-1436.589966, -1482.949951, 100.761002, 0.000000, 531, -1, -1, 0, 0, 0, -1, -1
-1144.319946, -1466.329956, 124.359001, 100.000038, 531, -1, -1, 0, 0, 0, -1, -1
-371.953003, -1436.910034, 24.724501, 83.356766, 543, -1, -1, 0, 0, 0, -1, -1
-360.295990, -1043.750000, 58.212502, 0.000000, 543, -1, -1, 0, 0, 0, -1, -1
-567.598022, -1045.030029, 23.209900, -122.438789, -1, -1, -1, 0, 0, 0, -1, -1
-563.174011, -1039.489990, 23.209900, -122.438789, -1, -1, -1, 0, 0, 0, -1, -1
-575.460022, -1057.150024, 23.209900, -122.438789, -1, -1, -1, 0, 0, 0, -1, -1
-587.161011, -1074.920044, 23.209900, -122.438789, -1, -1, -1, 0, 0, 0, -1, -1
-583.356995, -1069.050049, 23.209900, 56.962490, -1, -1, -1, 0, 0, 0, -1, -1
-593.099976, -1084.989990, 23.209900, 56.962490, -1, -1, -1, 2, 0, 0, -1, -1
-569.645996, -1048.130005, 23.209900, 56.962490, -1, -1, -1, 0, 0, 0, -1, -1
-563.857971, -1059.729980, 22.843300, 145.315857, -1, -1, -1, 0, 0, 0, -1, -1
-576.375977, -1078.920044, 22.643801, 145.315857, -1, -1, -1, 0, 0, 0, -1, -1
-586.565979, -1071.349976, 22.395100, 55.333858, -1, -1, -1, 0, 0, 0, -1, -1
-580.367004, -1063.040039, 22.737400, 55.333858, -1, -1, -1, 2, 0, 0, -1, -1
-572.367004, -1050.630005, 22.806400, 55.333858, -1, -1, -1, 2, 0, 0, -1, -1
-564.807007, -1038.500000, 23.278299, -123.344063, -1, -1, -1, 0, 0, 0, -1, -1
-360.983002, -1046.150024, 58.652699, 0.000000, 605, -1, -1, 0, 0, 0, -1, -1
-93.156502, -1195.630005, 1.481590, -14.397685, -1, -1, -1, 0, 0, 0, -1, -1
-84.451202, -1198.130005, 1.481590, -14.397685, -1, -1, -1, 0, 0, 0, -1, -1
-91.452400, -1213.030029, 1.725980, -14.397685, -1, -1, -1, 0, 0, 0, -1, -1
-495.040009, -487.635010, 24.526699, 0.000000, -1, -1, -1, 0, 10, 10, -1, -1
-544.984985, -486.976013, 24.526699, 0.000000, -1, -1, -1, 0, 10, 10, -1, -1
-504.845001, -487.394012, 24.526699, -179.456116, -1, -1, -1, 0, 10, 10, -1, -1
-519.478027, -472.177002, 24.526699, -179.456116, -1, -1, -1, 0, 10, 10, -1, -1
-504.510986, -472.822998, 24.526699, -179.456116, -1, -1, -1, 2, 10, 10, -1, -1
-589.609009, -472.951996, 24.526699, 0.000000, -1, -1, -1, 2, 10, 10, -1, -1
-605.479004, -492.188995, 24.526699, 0.000000, 514, -1, -1, 2, 10, 10, -1, -1
-572.502991, -500.688995, 24.526699, 0.000000, 584, -1, -1, 2, 10, 10, -1, -1
-485.260986, -488.187012, 24.526699, 0.000000, -1, -1, -1, 0, 0, 0, -1, -1
-540.302979, -488.270996, 24.526699, 0.000000, -1, -1, -1, 2, 0, 0, -1, -1
-560.054993, -473.005005, 24.526699, 0.000000, -1, -1, -1, 0, 0, 0, -1, -1
-570.221985, -487.885010, 24.526699, 0.000000, -1, -1, -1, 0, 0, 0, -1, -1
-579.903015, -472.279999, 24.526699, 0.000000, -1, -1, -1, 0, 0, 0, -1, -1
-560.153992, -488.459015, 24.526699, -179.183960, -1, -1, -1, 0, 0, 0, -1, -1
-525.168030, -487.837006, 24.526699, -179.183960, -1, -1, -1, 2, 0, 0, -1, -1
-495.221008, -472.760986, 24.526699, -179.183960, -1, -1, -1, 0, 0, 0, -1, -1
-430.871002, -391.243988, 15.180200, 148.475128, 468, -1, -1, 0, 0, 0, -1, -1
-414.397003, -443.005005, 17.403400, -153.522324, 543, -1, -1, 0, 0, 0, -1, -1
-623.453979, -2409.929932, 29.388599, 0.000000, 478, -1, -1, 0, 0, 0, -1, -1
-21.961901, -2494.989990, 35.807999, 122.318474, -1, -1, -1, 0, 0, 0, -1, -1
-22.931000, -2523.659912, 35.807999, -148.570816, -1, -1, -1, 0, 0, 0, -1, -1
-31.276501, -2492.810059, 35.807999, 34.046127, -1, -1, -1, 0, 0, 0, -1, -1
-36.612801, -2496.989990, 35.807999, -145.122757, -1, -1, -1, 0, 0, 0, -1, -1
-268.804993, -2186.189941, 27.851700, 20.499226, 531, -1, -1, 0, 0, 0, -1, -1
-287.442993, -2171.679932, 27.851700, 111.961113, 531, -1, -1, 0, 0, 0, -1, -1
-73.255402, -1587.479980, 1.620640, 145.000153, 422, -1, -1, 0, 0, 0, -1, -1
-67.437798, -1555.479980, 1.620640, -109.999878, 444, -1, -1, 0, 0, 0, -1, -1
-13.669600, -2519.659912, 35.807999, 30.900589, -1, -1, -1, 0, 0, 0, -1, -1
-17.805300, -2500.500000, 35.807999, 120.376717, -1, -1, -1, 0, 0, 0, -1, -1
-12.935400, -2509.080078, 35.807999, 120.376717, -1, -1, -1, 0, 0, 0, -1, -1
29.609400, -2637.489990, 39.465500, 120.376717, -1, -1, -1, 0, 0, 0, -1, -1
-141.132004, -2516.570068, 30.589399, 120.376717, 604, -1, -1, 0, 0, 0, -1, -1
-170.345993, -2119.830078, 0.000000, 34.999985, 453, -1, -1, 1, 0, 0, -1, -1
-35.455799, -2286.050049, 0.000000, -44.999992, 453, -1, -1, 1, 0, 0, -1, -1
126.433998, -2713.610107, 0.000000, 30.000015, 453, -1, -1, 1, 0, 0, -1, -1
138.863998, -2487.810059, 0.000000, -50.000019, 453, -1, -1, 1, 0, 0, -1, -1
-193.660004, -3014.560059, 0.000000, -50.000019, 453, -1, -1, 1, 0, 0, -1, -1
19.698799, -2634.600098, 39.465500, -178.758820, 588, -1, -1, 2, 0, 0, -1, -1
-61.656399, -1581.900024, 1.710680, 145.000153, -1, -1, -1, 2, 0, 0, -1, -1
-1729.180054, -986.179993, 74.509003, 0.000000, -1, -1, -1, 0, 0, 0, -1, -1
-1076.599976, -1207.180054, 128.220001, 177.486847, 572, -1, -1, 0, 0, 0, -1, -1
-1068.900024, -1222.339966, 128.220001, -90.976532, 531, -1, -1, 0, 0, 0, -1, -1
2700.750000, -1840.579956, 8.826660, -30.000015, -1, -1, -1, 0, 0, 0, -1, -1
2762.800049, -1873.219971, 9.086630, -179.999847, -1, -1, -1, 0, 0, 0, -1, -1
2792.770020, -1873.219971, 9.086630, -179.999847, -1, -1, -1, 0, 0, 0, -1, -1
2812.729980, -1673.400024, 9.086630, 0.000014, -1, -1, -1, 0, 0, 0, -1, -1
2798.139893, -1562.630005, 10.054500, 90.000206, -1, -1, -1, 0, 0, 0, -1, -1
2390.760010, -1510.219971, 23.342400, 90.000206, -1, -1, -1, 0, 0, 0, -1, -1
2477.149902, -1555.489990, 23.342400, -179.999847, -1, -1, -1, 0, 0, 0, -1, -1
2390.760010, -1490.569946, 23.342400, 90.000206, -1, -1, -1, 0, 0, 0, -1, -1
2452.959961, -1761.829956, 13.024500, -179.999847, -1, -1, -1, 0, 0, 0, -1, -1
2429.979980, -1224.329956, 24.965300, 0.000014, -1, -1, -1, 0, 0, 0, -1, -1
2347.820068, -1226.290039, 21.790701, 90.000206, -1, -1, -1, 0, 0, 0, -1, -1
2326.729980, -1254.869995, 21.790701, -90.000206, -1, -1, -1, 0, 0, 0, -1, -1
2815.689941, -1430.680054, 39.364601, -90.000206, 522, -1, -1, 1, 0, 0, -1, -1
2854.729980, -1355.270020, 10.122600, 90.000206, -1, -1, -1, 0, 0, 0, -1, -1
2791.399902, -1451.920044, 19.293699, -90.000206, 522, -1, -1, 0, 0, 0, -1, -1
2596.840088, -1082.229980, 68.803398, -4.999991, -1, -1, -1, 0, 0, 0, -1, -1
2008.329956, -1275.209961, 22.818100, 0.000000, -1, -1, -1, 0, 0, 0, -1, -1
1987.569946, -1275.229980, 22.818100, -179.941406, -1, -1, -1, 0, 0, 0, -1, -1
2229.570068, -1342.040039, 23.134501, -90.000206, -1, -1, -1, 0, 0, 0, -1, -1
2229.800049, -1359.500000, 23.134501, 90.000206, -1, -1, -1, 0, 0, 0, -1, -1
2134.790039, -1140.930054, 24.471701, 44.999992, 549, -1, -1, 0, 0, 0, -1, -1
2135.260010, -1132.410034, 24.960501, 44.999992, 404, -1, -1, 0, 0, 0, -1, -1
2120.800049, -1131.349976, 24.544500, -50.000019, 542, -1, -1, 0, 0, 0, -1, -1
2161.479980, -1192.369995, 22.939899, 90.000206, -1, -1, -1, 0, 0, 0, -1, -1
2147.949951, -1175.650024, 22.914600, 90.000206, -1, -1, -1, 0, 0, 0, -1, -1
2175.090088, -994.620972, 62.061001, 170.000015, -1, -1, -1, 0, 0, 0, -1, -1
2114.070068, -1783.119995, 12.464500, 179.999847, -1, -1, -1, 0, 0, 0, -1, -1
2159.270020, -1806.859985, 12.464500, 0.000000, -1, -1, -1, 0, 0, 0, -1, -1
2173.570068, -1806.859985, 12.464500, 179.999847, -1, -1, -1, 0, 0, 0, -1, -1
1011.559998, -680.718994, 120.660004, 0.000000, 572, -1, -1, 0, 0, 0, -1, -1
1248.739990, -803.838013, 83.921097, 179.999847, -1, -1, -1, 0, 0, 0, -1, -1
1433.290039, -640.163025, 94.515099, 170.500214, 572, -1, -1, 0, 0, 0, -1, -1
298.501007, -1196.359985, 80.530998, 84.499817, 572, -1, -1, 0, 0, 0, -1, -1
1583.910034, -1047.520020, 23.033199, -52.510780, 527, -1, -1, 0, 0, 0, -1, -1
1616.790039, -1123.650024, 23.033199, 90.000206, 422, -1, -1, 0, 0, 0, -1, -1
1661.939941, -1136.119995, 23.033199, 179.999847, 517, -1, -1, 0, 0, 0, -1, -1
1657.459961, -1111.500000, 23.033199, 90.000206, 507, -1, -1, 0, 0, 0, -1, -1
1704.969971, -1069.030029, 23.033199, -0.000014, 565, -1, -1, 0, 0, 0, -1, -1
1744.489990, -1085.760010, 23.259199, -0.000017, 527, -1, -1, 0, 0, 0, -1, -1
1771.390015, -1061.640015, 23.489700, -0.000017, 517, -1, -1, 0, 0, 0, -1, -1
1752.650024, -1045.930054, 23.489700, -0.000017, 507, -1, -1, 0, 0, 0, -1, -1
1707.630005, -1035.780029, 23.489700, -0.000017, 517, -1, -1, 0, 0, 0, -1, -1
1279.780029, -1800.949951, 12.635700, 90.000206, -1, -1, -1, 0, 0, 0, -1, -1
1239.310059, -1817.800049, 12.635700, 90.000206, -1, -1, -1, 0, 0, 0, -1, -1
1062.069946, -1760.920044, 12.635700, 90.000206, -1, -1, -1, 0, 0, 0, -1, -1
1062.069946, -1746.180054, 12.635700, -90.000206, -1, -1, -1, 0, 0, 0, -1, -1
1099.000000, -1766.660034, 12.635700, -90.000206, -1, -1, -1, 0, 0, 0, -1, -1
1545.630005, -1684.229980, 5.408470, -90.000206, -1, -1, -1, 0, 0, 0, -1, -1
1602.060059, -1700.369995, 5.408470, 90.000206, -1, -1, -1, 0, 0, 0, -1, -1
1562.910034, -1710.589966, 5.408470, 179.999847, -1, -1, -1, 0, 0, 0, -1, -1
1671.410034, -1712.800049, 19.525200, -90.000206, -1, -1, -1, 0, 0, 0, -1, -1
1666.699951, -1694.890015, 14.674600, 0.000000, -1, -1, -1, 0, 0, 0, -1, -1
1530.579956, -1644.660034, 5.408470, 179.999847, -1, -1, -1, 0, 0, 0, -1, -1
2164.679932, -2306.129883, 11.074000, 0.000000, 530, -1, -1, 0, 0, 0, -1, -1
2010.640015, -2126.169922, 10.894400, 179.999847, 435, -1, -1, 0, 0, 0, -1, -1
2133.489990, -2134.879883, 10.894400, 44.999992, 435, -1, -1, 0, 0, 0, -1, -1
2126.979980, -2140.820068, 10.894400, 44.999992, 435, -1, -1, 0, 0, 0, -1, -1
2120.750000, -2148.000000, 10.894400, 44.999992, 435, -1, -1, 0, 0, 0, -1, -1
2065.659912, -1902.630005, 10.979500, 0.000000, -1, -1, -1, 0, 0, 0, -1, -1
2110.739990, -2092.909912, 11.056300, 0.000000, 530, -1, -1, 0, 0, 0, -1, -1
2049.050049, -1940.810059, 12.669300, -90.000206, 435, -1, -1, 0, 0, 0, -1, -1
2012.079956, -1940.810059, 12.669300, -90.000206, 435, -1, -1, 0, 0, 0, -1, -1
2041.709961, -1974.410034, 10.894400, -90.000206, 435, -1, -1, 0, 0, 0, -1, -1
2038.609985, -2061.729980, 10.894400, -90.000206, 435, -1, -1, 0, 0, 0, -1, -1
1997.619995, -2090.090088, 10.894400, 179.999847, 435, -1, -1, 0, 0, 0, -1, -1
2120.469971, -2075.840088, 10.894400, 134.999741, 443, -1, -1, 0, 0, 0, -1, -1
2127.139893, -2084.000000, 10.894400, 134.999741, 443, -1, -1, 0, 0, 0, -1, -1
2070.350098, -2121.149902, 10.894400, -90.000206, 435, -1, -1, 0, 0, 0, -1, -1
2056.159912, -1903.770020, 11.108900, 179.999847, -1, -1, -1, 0, 0, 0, -1, -1
2065.459961, -1919.400024, 11.108900, 179.999847, -1, -1, -1, 0, 0, 0, -1, -1
2262.229980, -1930.890015, 11.605900, -0.000027, -1, -1, -1, 0, 0, 0, -1, -1
2373.939941, -1927.689941, 11.307600, -0.000027, -1, -1, -1, 0, 0, 0, -1, -1
2393.310059, -1927.689941, 11.307600, 179.999847, -1, -1, -1, 0, 0, 0, -1, -1
2456.159912, -2521.689941, 12.768300, -90.000206, 530, -1, -1, 0, 0, 0, -1, -1
2496.139893, -2375.540039, 11.098900, -134.999741, 530, -1, -1, 0, 0, 0, -1, -1
2517.889893, -2270.479980, -2.319970, -90.000206, 453, -1, -1, 0, 0, 0, -1, -1
2430.800049, -2107.209961, 10.894400, 179.999847, 435, -1, -1, 0, 0, 0, -1, -1
2459.429932, -2095.989990, 10.894400, -90.000206, 435, -1, -1, 0, 0, 0, -1, -1
2476.379883, -1953.520020, 11.097800, 179.999847, -1, -1, -1, 0, 0, 0, -1, -1
2482.760010, -1953.520020, 11.097800, 179.999847, 574, -1, -1, 0, 0, 0, -1, -1
2498.750000, -1953.520020, 11.097800, -0.000027, -1, -1, -1, 0, 0, 0, -1, -1
2808.699951, -1952.489990, 11.877900, -90.000206, -1, -1, -1, 0, 0, 0, -1, -1
2860.120117, -1920.400024, 8.890710, -0.000037, 574, -1, -1, 0, 0, 0, -1, -1
2860.120117, -2008.680054, 8.890710, -0.000037, -1, -1, -1, 0, 0, 0, -1, -1
1725.520020, -2454.949951, 12.652400, -0.000017, 485, -1, -1, 0, 0, 0, -1, -1
1876.510010, -2428.709961, 12.652400, -134.999741, 608, -1, -1, 0, 0, 0, -1, -1
1926.349976, -2289.639893, 12.652400, -90.000206, 593, -1, -1, 0, 0, 0, -1, -1
1398.229980, -2349.760010, 12.652400, 179.999847, -1, -1, -1, 0, 0, 0, -1, -1
1408.010010, -2349.760010, 12.652400, 179.999847, -1, -1, -1, 0, 0, 0, -1, -1
1563.939941, -2454.949951, 12.652400, -0.000017, 519, -1, -1, 0, 0, 0, -1, -1
1398.229980, -2332.610107, 12.652400, 179.999847, -1, -1, -1, 0, 0, 0, -1, -1
1408.010010, -2332.610107, 12.652400, 179.999847, -1, -1, -1, 0, 0, 0, -1, -1
1668.650024, -1883.800049, 12.652400, 179.999847, 435, -1, -1, 1, 0, 0, -1, -1
1661.719971, -1883.800049, 12.652400, 179.999847, 435, -1, -1, 0, 0, 0, -1, -1
1636.339966, -1883.800049, 12.652400, 179.999847, 574, -1, -1, 0, 0, 0, -1, -1
424.359985, -1790.660034, 4.683850, -90.000206, -1, -1, -1, 0, 0, 0, -1, -1
412.687012, -1317.400024, 14.074700, 120.000275, -1, -1, -1, 0, 0, 0, -1, -1
339.286011, -1342.920044, 14.174200, -60.000137, -1, -1, -1, 0, 0, 0, -1, -1
341.554993, -1354.349976, 14.174200, 120.000275, -1, -1, -1, 0, 0, 0, -1, -1
300.617004, -1490.739990, 24.386499, -124.999908, -1, -1, -1, 0, 0, 0, -1, -1
293.937012, -1513.000000, 24.386499, -124.999908, -1, -1, -1, 0, 0, 0, -1, -1
298.285004, -1536.319946, 24.386499, 55.000053, -1, -1, -1, 0, 0, 0, -1, -1
200.815002, -1439.339966, 12.273300, -40.000015, -1, -1, -1, 0, 0, 0, -1, -1
216.669998, -1431.290039, 12.273300, 134.999741, -1, -1, -1, 0, 0, 0, -1, -1
536.843994, -1290.589966, 16.318600, 0.000000, -1, -1, -1, 0, 0, 0, -1, -1
741.885986, -1336.160034, 13.113500, 179.999847, -1, -1, -1, 0, 0, 0, -1, -1
763.640015, -1336.160034, 13.113500, 179.999847, -1, -1, -1, 0, 0, 0, -1, -1
589.942017, -1511.420044, 14.462000, -90.000206, -1, -1, -1, 0, 0, 0, -1, -1
767.541992, -1114.400024, 23.653500, 90.000206, -1, -1, -1, 0, 0, 0, -1, -1
314.727997, -1809.579956, 3.500270, 0.000020, -1, -1, -1, 0, 0, 0, -1, -1
343.966003, -1809.579956, 3.708610, 0.000020, -1, -1, -1, 0, 0, 0, -1, -1
328.027008, -1788.989990, 4.291590, -179.999847, -1, -1, -1, 0, 0, 0, -1, -1
1065.750000, -1210.810059, 16.042000, 0.000000, -1, -1, -1, 0, 0, 0, -1, -1
1050.579956, -1192.479980, 19.250700, 179.999847, -1, -1, -1, 0, 0, 0, -1, -1
1065.750000, -1257.119995, 13.894400, 0.000000, -1, -1, -1, 0, 0, 0, -1, -1
1050.579956, -1275.619995, 13.055100, 179.999847, -1, -1, -1, 0, 0, 0, -1, -1
1050.579956, -1358.000000, 12.647500, 179.999847, -1, -1, -1, 0, 0, 0, -1, -1
1065.750000, -1336.550049, 12.419700, 0.000000, -1, -1, -1, 0, 0, 0, -1, -1
983.687988, -1137.670044, 22.919901, 90.000206, -1, -1, -1, 0, 0, 0, -1, -1
852.223999, -1137.670044, 22.919901, 90.000206, -1, -1, -1, 0, 0, 0, -1, -1
891.898987, -1152.469971, 22.919901, -90.000206, -1, -1, -1, 0, 0, 0, -1, -1
1112.060059, -1152.469971, 22.919901, -90.000206, -1, -1, -1, 0, 0, 0, -1, -1
1297.589966, -1137.670044, 22.919901, 90.000206, -1, -1, -1, 0, 0, 0, -1, -1
1215.910034, -1094.290039, 25.014601, -90.000206, -1, -1, -1, 0, 0, 0, -1, -1
1132.329956, -1675.829956, 12.942000, 90.000206, -1, -1, -1, 0, 0, 0, -1, -1
1019.789978, -1434.319946, 12.715800, -179.999847, -1, -1, -1, 0, 0, 0, -1, -1
1322.640015, -1453.979980, 12.786000, -179.999847, -1, -1, -1, 0, 0, 0, -1, -1
783.018982, -1619.810059, 12.495500, -90.000206, -1, -1, -1, 1, 0, 0, -1, -1
783.018982, -1605.489990, 12.495500, -90.000206, -1, -1, -1, 1, 0, 0, -1, -1
700.372009, -1571.030029, 13.329300, -179.999847, -1, -1, -1, 0, 0, 0, -1, -1
878.883972, -1658.800049, 12.719100, 0.000000, -1, -1, -1, 1, 0, 0, -1, -1
844.109009, -1550.719971, 12.942000, 90.000206, -1, -1, -1, 0, 0, 0, -1, -1
850.786987, -2053.719971, 11.916500, 0.000000, 481, -1, -1, 0, 0, 0, -1, -1
-1915.979980, 792.664001, 39.609100, -90.000206, -1, -1, -1, 0, 0, 0, -1, -1
-2082.370117, 788.919006, 68.664803, 0.000000, -1, -1, -1, 0, 0, 0, -1, -1
-2082.429932, 845.043030, 69.324799, 0.000000, -1, -1, -1, 0, 0, 0, -1, -1
-2082.850098, 834.018982, 69.324799, -175.000229, -1, -1, -1, 0, 0, 0, -1, -1
-2070.040039, 969.179993, 62.713799, 30.000015, -1, -1, -1, 0, 0, 0, -1, -1
-2102.239990, 649.890015, 53.247200, -90.000206, -1, -1, -1, 0, 0, 0, -1, -1
-2126.209961, 649.890015, 53.247200, 90.000206, -1, -1, -1, 0, 0, 0, -1, -1
-2214.080078, 616.070007, 35.388401, 179.999847, -1, -1, -1, 0, 0, 0, -1, -1
-2220.290039, 608.580017, 35.388401, -100.000038, -1, -1, -1, 0, 0, 0, -1, -1
-1639.170044, 661.799988, -6.241420, -90.000206, -1, -1, -1, 0, 0, 0, -1, -1
-1639.170044, 657.666016, -6.241420, -90.000206, -1, -1, -1, 0, 0, 0, -1, -1
-1639.170044, 653.533020, -6.241420, -90.000206, -1, -1, -1, 0, 0, 0, -1, -1
-1639.170044, 649.400024, -6.241420, -90.000206, -1, -1, -1, 0, 0, 0, -1, -1
-1622.349976, 649.400024, -6.241420, 90.000206, -1, -1, -1, 0, 0, 0, -1, -1
-1622.349976, 653.648010, -6.241420, 90.000206, -1, -1, -1, 0, 0, 0, -1, -1
-1800.859985, 821.291992, 24.903700, 164.999817, -1, -1, -1, 0, 0, 0, -1, -1
-1800.390015, 810.382019, 24.903700, -170.000015, -1, -1, -1, 0, 0, 0, -1, -1
-1800.859985, 799.471985, 24.903700, 179.999847, -1, -1, -1, 0, 0, 0, -1, -1
-1799.729980, 788.562012, 24.903700, 179.999847, -1, -1, -1, 0, 0, 0, -1, -1
-1731.140015, 752.599976, 24.903700, -85.000008, -1, -1, -1, 0, 0, 0, -1, -1
-1475.229980, 686.390015, 0.211560, 0.000000, 446, -1, -1, 1, 0, 0, -1, -1
-1475.229980, 700.833984, 0.211560, 0.000000, 454, -1, -1, 1, 0, 0, -1, -1
-1830.959961, 1309.329956, 59.900398, 20.000008, -1, -1, -1, 0, 0, 0, -1, -1
-1842.400024, 1305.319946, 43.842499, 20.000008, -1, -1, -1, 0, 0, 0, -1, -1
-1853.579956, 1301.109985, 51.582600, 20.000008, -1, -1, -1, 0, 0, 0, -1, -1
-1834.729980, 1287.199951, 51.119499, -160.000183, -1, -1, -1, 0, 0, 0, -1, -1
-1823.479980, 1291.150024, 59.900398, -160.000183, -1, -1, -1, 0, 0, 0, -1, -1
-1816.839966, 1292.849976, 42.426300, -175.000229, -1, -1, -1, 0, 0, 0, -1, -1
-1811.030029, 1293.420044, 59.900398, -175.000229, -1, -1, -1, 0, 0, 0, -1, -1
-1822.199951, 1310.819946, 31.798201, 4.999979, -1, -1, -1, 0, 0, 0, -1, -1
-1816.520020, 1311.569946, 31.798201, 4.999979, -1, -1, -1, 0, 0, 0, -1, -1
-1811.089966, 1312.369995, 59.900398, 4.999979, -1, -1, -1, 0, 0, 0, -1, -1
-1836.790039, 1307.160034, 32.746201, 20.000008, -1, -1, -1, 0, 0, 0, -1, -1
-1829.250000, 1289.589966, 59.900398, -160.000183, -1, -1, -1, 0, 0, 0, -1, -1
-2180.590088, 1006.140015, 80.040298, 0.000007, -1, -1, -1, 0, 0, 0, -1, -1
-2180.590088, 993.335999, 80.040298, 0.000007, -1, -1, -1, 0, 0, 0, -1, -1
-2205.979980, 1047.180054, 79.722397, 0.000007, -1, -1, -1, 0, 0, 0, -1, -1
-2106.790039, 1002.739990, 70.929199, 0.000007, -1, -1, -1, 0, 0, 0, -1, -1
-2106.790039, 1056.959961, 70.929199, 179.999847, -1, -1, -1, 0, 0, 0, -1, -1
-2020.540039, 1027.869995, 55.479801, -85.000008, -1, -1, -1, 0, 0, 0, -1, -1
-2059.100098, 1113.069946, 53.651798, 10.000004, -1, -1, -1, 0, 0, 0, -1, -1
-2052.409912, 1112.000000, 53.651798, -0.000017, -1, -1, -1, 0, 0, 0, -1, -1
-2046.369995, 1112.780029, 53.651798, -30.000015, -1, -1, -1, 0, 0, 0, -1, -1
-2150.870117, 1220.150024, 48.042301, -90.000206, -1, -1, -1, 0, 0, 0, -1, -1
-2128.070068, 1220.150024, 48.042301, -90.000206, -1, -1, -1, 0, 0, 0, -1, -1
-2003.530029, 1324.099976, 11.870400, -90.000206, -1, -1, -1, 0, 0, 0, -1, -1
-1972.530029, 1323.300049, 11.870400, -90.000206, -1, -1, -1, 0, 0, 0, -1, -1
-1892.180054, 1400.290039, 0.211560, 94.999840, 453, -1, -1, 1, 0, 0, -1, -1
-1804.459961, 1293.540039, 52.354000, 175.000229, -1, -1, -1, 0, 0, 0, -1, -1
-1798.609985, 1293.400024, 59.900398, 175.000229, -1, -1, -1, 0, 0, 0, -1, -1
-1792.689941, 1293.180054, 41.894699, 175.000229, -1, -1, -1, 0, 0, 0, -1, -1
-1803.079956, 1312.930054, 59.900398, -5.000020, -1, -1, -1, 0, 0, 0, -1, -1
-1797.229980, 1312.469971, 41.169399, -5.000020, -1, -1, -1, 0, 0, 0, -1, -1
-1791.479980, 1312.209961, 41.169399, -5.000020, -1, -1, -1, 0, 0, 0, -1, -1
-1779.599976, 1311.569946, 32.219002, -5.000020, -1, -1, -1, 0, 0, 0, -1, -1
-1687.939941, 1007.830017, 18.097700, -90.000206, -1, -1, -1, 0, 0, 0, -1, -1
-1687.939941, 1000.080017, 18.097700, 90.000206, -1, -1, -1, 0, 0, 0, -1, -1
-1687.219971, 995.668030, 18.097700, -90.000206, -1, -1, -1, 0, 0, 0, -1, -1
-1687.939941, 983.369019, 18.097700, -90.000206, -1, -1, -1, 0, 0, 0, -1, -1
-1696.939941, 978.182007, 18.097700, 0.000000, -1, -1, -1, 0, 0, 0, -1, -1
-1696.859985, 1058.069946, 18.097700, 0.000000, -1, -1, -1, 0, 0, 0, -1, -1
-1736.380005, 1057.380005, 18.097700, -94.999840, -1, -1, -1, 0, 0, 0, -1, -1
-1736.380005, 1040.750000, 18.097700, -90.000206, -1, -1, -1, 0, 0, 0, -1, -1
-1736.380005, 1032.569946, 18.097700, 94.999840, -1, -1, -1, 0, 0, 0, -1, -1
-1719.859985, 999.869019, 18.097700, -90.000206, -1, -1, -1, 0, 0, 0, -1, -1
-1687.939941, 1007.830017, 10.486300, -90.000206, -1, -1, -1, 0, 0, 0, -1, -1
-1687.939941, 1000.080017, 10.486300, 90.000206, -1, -1, -1, 0, 0, 0, -1, -1
-1687.219971, 995.668030, 10.486300, -90.000206, -1, -1, -1, 0, 0, 0, -1, -1
-1687.939941, 983.369019, 10.486300, -90.000206, -1, -1, -1, 0, 0, 0, -1, -1
-1696.859985, 1058.069946, 10.486300, 0.000000, -1, -1, -1, 0, 0, 0, -1, -1
-1736.380005, 1057.380005, 10.486300, -94.999840, -1, -1, -1, 0, 0, 0, -1, -1
-1736.380005, 1040.750000, 10.486300, -90.000206, -1, -1, -1, 0, 0, 0, -1, -1
-1736.380005, 1032.569946, 10.486300, 94.999840, -1, -1, -1, 0, 0, 0, -1, -1
-1719.859985, 999.869019, 10.486300, -90.000206, -1, -1, -1, 0, 0, 0, -1, -1
-1655.780029, 1315.250000, 7.791740, -44.999992, -1, -1, -1, 0, 0, 0, -1, -1
-1649.219971, 1307.280029, 7.791740, -44.999992, -1, -1, -1, 0, 0, 0, -1, -1
-1637.760010, 1296.619995, 7.791740, 130.000107, -1, -1, -1, 0, 0, 0, -1, -1
-1638.410034, 1090.630005, 9.213260, -90.000206, -1, -1, -1, 0, 0, 0, -1, -1
-1481.239990, 998.856018, 6.777380, -85.000008, 510, -1, -1, 0, 0, 0, -1, -1
-1659.640015, 1212.869995, 7.092400, -75.000175, -1, -1, -1, 0, 0, 0, -1, -1
-1649.770020, 1207.400024, 21.118000, 60.000137, -1, -1, -1, 0, 0, 0, -1, -1
-1659.839966, 1207.560059, 21.118000, -60.000137, -1, -1, -1, 0, 0, 0, -1, -1
-1661.839966, 1219.790039, 21.118000, -145.000153, -1, -1, -1, 0, 0, 0, -1, -1
-1456.250000, 1025.489990, 0.211560, -79.999809, 453, -1, -1, 1, 0, 0, -1, -1
-1462.479980, 1091.359985, 0.211560, -100.000038, 452, -1, -1, 1, 0, 0, -1, -1
-1566.680054, 1261.969971, 0.211560, -90.000206, 473, -1, -1, 1, 0, 0, -1, -1
-1719.540039, 1433.339966, 0.211560, -4.999997, 484, -1, -1, 1, 0, 0, -1, -1
-2998.179932, 2594.610107, 0.100000, 178.201904, 446, -1, -1, 0, 0, 0, -1, -1
-2997.479980, 2860.770020, 0.100000, 44.597660, 472, -1, -1, 0, 0, 0, -1, -1
-2999.520020, 2347.719971, 0.100000, 45.976196, 446, -1, -1, 0, 0, 0, -1, -1
-2618.840088, 2160.120117, 0.100000, -57.380001, 446, -1, -1, 0, 0, 0, -1, -1
-2272.489990, 2285.300049, 3.982760, -90.000206, -1, -1, -1, 0, 0, 0, -1, -1
-2464.699951, 2225.379883, 3.982760, 179.999847, -1, -1, -1, 0, 0, 0, -1, -1
-2473.449951, 2225.379883, 3.982760, 179.999847, -1, -1, -1, 0, 0, 0, -1, -1
-2227.760010, 2327.149902, 6.570730, 179.999847, 487, -1, -1, 0, 0, 0, -1, -1
-2392.010010, 2305.300049, 0.100000, -137.240570, 484, -1, -1, 0, 0, 0, -1, -1
-2319.780029, 2297.000000, 0.100000, 177.636383, 484, -1, -1, 0, 0, 0, -1, -1
-2607.179932, 2990.500000, 0.100000, -90.983406, 473, -1, -1, 0, 0, 0, -1, -1
-1390.930054, -231.195999, 13.150000, -120.000275, 485, -1, -1, 0, 0, 0, -1, -1
-1361.300049, -253.188995, 13.650000, -44.999992, 552, -1, -1, 0, 0, 0, -1, -1
-1302.489990, -676.770996, 13.650000, -0.000007, 522, -1, -1, 0, 0, 0, -1, -1
-1322.119995, -467.454010, 13.650000, -145.000153, 485, -1, -1, 0, 0, 0, -1, -1
-1332.979980, -450.221008, 13.650000, -145.000153, 608, -1, -1, 0, 0, 0, -1, -1
-1250.959961, -312.135986, 13.650000, -86.567619, 485, -1, -1, 0, 0, 0, -1, -1
-1355.530029, -622.851013, 13.650000, 38.077343, 608, -1, -1, 0, 0, 0, -1, -1
-1317.020020, -361.304993, 13.650000, -168.595123, 552, -1, -1, 0, 0, 0, -1, -1
-1315.619995, -273.084991, 13.650000, 34.395916, 583, -1, -1, 0, 0, 0, -1, -1
-1275.349976, -615.557983, 13.650000, 5.407100, 485, -1, -1, 0, 0, 0, -1, -1
-1474.709961, -133.423996, 5.243020, 89.401466, -1, -1, -1, 0, 0, 0, -1, -1
-1440.319946, -143.240005, 5.243020, -0.598483, -1, -1, -1, 0, 0, 0, -1, -1
-1443.770020, -224.386002, 5.243020, -90.598381, -1, -1, -1, 0, 0, 0, -1, -1
-1425.500000, -191.886993, 5.243020, 89.401466, -1, -1, -1, 0, 0, 0, -1, -1
-1474.920044, -167.306000, 5.243020, -90.598381, -1, -1, -1, 0, 50, 20, -1, -1
-1386.579956, -191.886993, 5.243020, 89.401466, -1, -1, -1, 0, 0, 0, -1, -1
-1368.069946, -142.242004, 5.243020, -0.598477, -1, -1, -1, 0, 0, 0, -1, -1
-1230.609985, -110.051003, 13.650000, 69.999969, 606, -1, -1, 0, 0, 0, -1, -1
-1238.500000, -107.421997, 13.650000, 75.000175, 485, -1, -1, 0, 0, 0, -1, -1
-1379.849976, -179.764008, 13.650000, -115.000076, 552, -1, -1, 0, 0, 0, -1, -1
-1151.219971, -482.606995, 0.000000, 149.500168, 472, -1, -1, 0, 0, 0, -1, -1
-1366.780029, -702.106018, 0.000000, 91.000023, 472, -1, -1, 0, 0, 0, -1, -1
-1606.489990, -703.229004, 0.000000, 91.000023, 472, -1, -1, 0, 0, 0, -1, -1
-1742.339966, -441.028992, 0.000000, -178.000214, 472, -1, -1, 0, 0, 0, -1, -1
-1224.569946, -115.679001, 13.650000, 69.999969, 607, -1, -1, 0, 0, 0, -1, -1
-1417.079956, -224.382004, 13.150000, -40.000015, 607, -1, -1, 0, 0, 0, -1, -1
-1404.319946, -226.429993, 13.150000, -109.999878, 608, -1, -1, 0, 0, 0, -1, -1
-1726.260010, -157.238007, 2.576480, 47.500034, 591, -1, -1, 0, 0, 0, -1, -1
-1730.209961, -160.973007, 2.576480, 47.500034, 591, -1, -1, 0, 0, 0, -1, -1
-1853.050049, -189.901993, 17.530300, -179.500229, 450, -1, -1, 1, 0, 0, -1, -1
-1818.930054, -182.701004, 8.393060, 88.999825, 541, -1, -1, 1, 0, 0, -1, -1
-1897.369995, -900.028992, 31.118601, -91.000023, -1, -1, -1, 0, 0, 0, -1, -1
-1872.280029, -930.640015, 31.118601, -91.000023, -1, -1, -1, 0, 0, 0, -1, -1
-1872.099976, -823.895996, 31.118601, -91.000023, -1, -1, -1, 0, 0, 0, -1, -1
-1897.410034, -852.984009, 31.118601, 91.000023, -1, -1, -1, 0, 0, 0, -1, -1
-1887.329956, -753.973022, 31.118601, 91.000023, -1, -1, -1, 0, 0, 0, -1, -1
-2222.780029, 306.518005, 34.179401, 0.000000, -1, -1, -1, 0, 0, 0, -1, -1
-2167.350098, 293.372009, 34.179401, 0.000000, -1, -1, -1, 0, 0, 0, -1, -1
-1670.380005, 441.662994, 6.501360, 172.852768, -1, -1, -1, 0, 0, 30, -1, -1
-1663.699951, 438.063995, 6.501360, 172.852768, -1, -1, -1, 0, 0, 30, -1, -1
-1650.910034, 446.325012, 6.357960, -134.999741, 584, -1, -1, 0, 0, 0, -1, -1
-1166.660034, 377.281006, 0.000000, -47.000015, 472, -1, -1, 0, 0, 0, -1, -1
-1113.489990, 328.045013, 0.000000, -47.000015, 472, -1, -1, 0, 0, 0, -1, -1
-1431.949951, 360.545990, 0.000000, -91.999832, 595, -1, -1, 0, 0, 0, -1, -1
-1529.140015, 377.226990, 6.220440, -90.000206, -1, -1, -1, 0, 0, 0, -1, -1
-1528.939941, 381.768005, 6.220440, -90.000206, -1, -1, -1, 0, 0, 0, -1, -1
-1460.140015, 319.765015, 6.220440, -0.000009, 433, -1, -1, 1, 0, 0, -1, -1
-1247.030029, 442.093994, 6.220440, 24.999981, 470, -1, -1, 1, 0, 0, -1, -1
-2125.199951, -760.533997, 31.118601, 88.999825, -1, -1, -1, 0, 0, 0, -1, -1
-2134.040039, -793.664001, 31.118601, 88.999825, -1, -1, -1, 0, 0, 0, -1, -1
-2149.169922, -793.513977, 31.118601, -89.500015, -1, -1, -1, 0, 0, 0, -1, -1
-2149.000000, -837.572021, 31.118601, -89.500015, -1, -1, -1, 0, 0, 0, -1, -1
-2148.969971, -841.026978, 31.118601, 90.499832, -1, -1, -1, 0, 0, 0, -1, -1
-2125.419922, -814.888977, 31.118601, 90.499832, -1, -1, -1, 0, 0, 0, -1, -1
-2134.229980, -885.534973, 31.118601, -90.000206, -1, -1, -1, 0, 0, 0, -1, -1
-2134.370117, -898.518982, 31.118601, 90.499832, -1, -1, -1, 0, 0, 0, -1, -1
-2149.530029, -944.164978, 31.118601, 90.499832, -1, -1, -1, 0, 0, 0, -1, -1
-2134.209961, -965.228027, 31.118601, -91.000023, -1, -1, -1, 0, 0, 0, -1, -1
-1986.689941, 248.934998, 34.169102, 90.000206, -1, -1, -1, 0, 0, 0, -1, -1
-1986.689941, 257.407013, 34.169102, 90.000206, -1, -1, -1, 0, 0, 0, -1, -1
-1245.510010, 48.345699, 13.150000, -44.999992, 506, -1, -1, 0, 0, 50, -1, -1
-1459.589966, -5.062230, 5.243020, 89.401466, -1, -1, -1, 0, 0, 0, -1, -1
-1426.099976, 11.585800, 5.243020, -90.598381, -1, -1, -1, 0, 0, 0, -1, -1
-1385.709961, -25.267401, 5.243020, 89.401466, -1, -1, -1, 0, 0, 0, -1, -1
-1337.979980, -83.747704, 5.243020, -90.598381, -1, -1, -1, 0, 0, 0, -1, -1
-1176.520020, 62.653099, 0.000000, 47.000015, 472, -1, -1, 0, 0, 0, -1, -1
-1075.199951, -207.677002, 0.000000, 25.500002, 472, -1, -1, 0, 0, 0, -1, -1
-1623.010010, -80.056602, 0.000000, 134.500122, 472, -1, -1, 0, 0, 0, -1, -1
-1445.900024, 97.304199, 0.000000, -47.000015, 472, -1, -1, 0, 0, 0, -1, -1
-1705.270020, 11.603800, 2.576480, 0.000000, 530, -1, -1, 0, 0, 0, -1, -1
-1845.750000, 115.028999, 14.149900, -91.000023, 435, -1, -1, 0, 0, 0, -1, -1
-1845.699951, 121.594002, 14.149900, -91.000023, 435, -1, -1, 0, 0, 0, -1, -1
-1633.810059, -62.383701, 2.576480, 133.000122, 515, -1, -1, 0, 0, 0, -1, -1
-1729.349976, 128.688004, 2.576480, -179.000031, 450, -1, -1, 0, 0, 0, -1, -1
-1644.280029, 252.507004, 0.000000, -91.999832, 453, -1, -1, 0, 0, 0, -1, -1
-1429.599976, 285.683990, 0.000000, -91.999832, 453, -1, -1, 0, 0, 0, -1, -1
-2265.550049, 113.360001, 34.165401, 90.499832, -1, -1, -1, 0, 0, 0, -1, -1
-2265.179932, 133.072006, 34.165401, 90.499832, -1, -1, -1, 0, 0, 0, -1, -1
-2266.750000, 89.267303, 34.165401, -89.500015, -1, -1, -1, 0, 0, 0, -1, -1
-2268.689941, 65.870201, 34.165401, -89.500015, -1, -1, -1, 0, 0, 0, -1, -1
-2461.219971, -5.550980, 27.095301, -90.000206, 483, -1, -1, 1, 0, 0, -1, -1
-2750.310059, 200.212006, 6.227530, 34.999985, 559, -1, -1, 0, 100, 50, -1, -1
-2671.600098, 267.679993, 3.319460, 0.499997, -1, -1, -1, 0, 0, 0, -1, -1
-2585.800049, 311.135986, 3.932540, -89.500015, -1, -1, -1, 0, 0, 0, -1, -1
-2936.729980, 447.214996, 2.588960, 130.499741, 568, -1, -1, 0, 0, 0, -1, -1
-2265.370117, 212.526993, 34.165401, 90.499832, -1, -1, -1, 0, 0, 0, -1, -1
-2265.250000, 204.834000, 34.165401, 90.499832, -1, -1, -1, 0, 0, 0, -1, -1
-2410.929932, 328.872986, 34.165401, 150.499969, -1, -1, -1, 0, 0, 0, -1, -1
-2442.709961, 523.088013, 28.966999, 0.499997, 428, -1, -1, 0, 100, 0, -1, -1
-2429.750000, 515.635010, 28.966999, -144.499954, 428, -1, -1, 0, 0, 0, -1, -1
-2422.449951, 521.924988, 28.966999, -139.499756, -1, -1, -1, 0, 0, 0, -1, -1
-2493.060059, 378.806000, 26.794500, 60.499760, 402, -1, -1, 0, 100, 50, -1, -1
-2497.679932, 370.289001, 26.794500, 60.499760, -1, -1, -1, 0, 20, 10, -1, -1
-2502.350098, 382.109009, 34.187302, 60.499760, -1, -1, -1, 0, 20, 10, -1, -1
-2510.090088, 367.562012, 34.187302, 60.499760, -1, -1, -1, 0, 20, 10, -1, -1
-2505.469971, 339.963013, 34.187302, 60.499760, -1, -1, -1, 0, 20, 10, -1, -1
-2473.750000, 410.300995, 26.769300, 135.499924, -1, -1, -1, 0, 20, 10, -1, -1
-2479.949951, 416.212006, 26.769300, 135.499924, -1, -1, -1, 0, 20, 10, -1, -1
-2483.399902, 419.006989, 26.769300, -44.500027, -1, -1, -1, 0, 20, 10, -1, -1
-2533.030029, 307.510010, 34.187302, -109.500252, -1, -1, -1, 0, 20, 10, -1, -1
-2531.909912, 311.240997, 34.187302, -109.500252, -1, -1, -1, 0, 20, 10, -1, -1
-2520.750000, -601.344971, 131.931000, 179.999847, -1, -1, -1, 0, 50, 50, -1, -1
-2401.409912, -587.114014, 131.673996, -54.999996, -1, -1, -1, 0, 50, 50, -1, -1
-2399.649902, -589.625977, 131.673996, 124.999908, -1, -1, -1, 0, 50, 50, -1, -1
-2399.310059, -603.830994, 131.673996, -85.000008, 437, -1, -1, 1, 50, 50, -1, -1
-2318.850098, -126.666000, 34.370499, -179.500229, 588, -1, -1, 0, 0, 0, -1, -1
-2326.320068, -126.300003, 34.370499, -179.500229, -1, -1, -1, 0, 0, 0, -1, -1
-2352.370117, -125.803001, 34.370499, 0.499997, -1, -1, -1, 0, 0, 0, -1, -1
-2531.949951, -601.344971, 131.931000, 0.000000, 582, -1, -1, 0, 0, 0, -1, -1
-2917.399902, -616.668030, 3.226650, 55.500015, 424, -1, -1, 0, 0, 0, -1, -1
-2696.840088, -146.809998, 6.187470, 90.499832, -1, -1, -1, 0, 0, 0, -1, -1
-2757.520020, -295.746002, 6.187470, -179.500229, -1, -1, -1, 0, 0, 0, -1, -1
-2771.719971, -281.927002, 6.187470, -179.500229, -1, -1, -1, 0, 0, 0, -1, -1
-2742.080078, -282.209015, 6.187470, 0.500007, -1, -1, -1, 0, 0, 0, -1, -1
-2741.959961, -301.906006, 6.187470, 50.499985, -1, -1, -1, 0, 0, 0, -1, -1
-2765.929932, -312.377991, 6.187470, 0.500007, -1, -1, -1, 0, 0, 0, -1, -1
-2796.530029, -115.406998, 6.273840, 90.499832, 481, -1, -1, 0, 0, 0, -1, -1
-2796.239990, 97.239403, 6.187470, 90.499832, -1, -1, -1, 0, 0, 0, -1, -1
-2796.280029, 135.667007, 6.187470, -89.500015, -1, -1, -1, 0, 0, 0, -1, -1
-2796.780029, -55.791599, 6.187470, 90.499832, -1, -1, -1, 0, 0, 0, -1, -1
-2796.530029, -23.769501, 6.273840, 90.499832, 509, -1, -1, 0, 0, 0, -1, -1
-2796.530029, 140.591003, 6.273840, 90.499832, 510, -1, -1, 0, 0, 0, -1, -1
-2686.560059, -55.093399, 6.187470, 0.499997, -1, -1, -1, 0, 0, 0, -1, -1
-2666.419922, -54.898602, 6.187470, -179.500229, -1, -1, -1, 0, 0, 0, -1, -1
-2627.100098, -55.205002, 6.187470, 0.499997, -1, -1, -1, 0, 0, 0, -1, -1
-2670.169922, -36.013100, 6.187470, 0.499997, -1, -1, -1, 0, 0, 0, -1, -1
-2630.870117, -35.452000, 6.187470, -179.500229, -1, -1, -1, 0, 0, 0, -1, -1
-2824.260010, 1384.729980, 0.250000, -28.379631, 452, -1, -1, 0, 0, 0, -1, -1
-2602.219971, 2077.429932, 0.250000, -139.011581, 453, -1, -1, 0, 0, 0, -1, -1
-2793.280029, 1440.630005, 0.250000, 84.593208, 484, -1, -1, 0, 0, 0, -1, -1
-2904.350098, 1175.890015, 12.776200, -4.635876, 481, -1, -1, 0, 0, 0, -1, -1
-2643.800049, 1366.050049, 6.093530, -89.612885, -1, -1, -1, 0, 0, 0, -1, -1
-2643.800049, 1336.199951, 6.093530, -89.612885, -1, -1, -1, 0, 0, 0, -1, -1
-2643.800049, 1343.479980, 6.093530, -89.612885, -1, -1, -1, 0, 0, 0, -1, -1
-2512.939941, 1209.500000, 37.290199, 87.726143, -1, -1, -1, 0, 0, 0, -1, -1
-2501.989990, 1222.160034, 37.290199, 136.735809, -1, -1, -1, 0, 0, 0, -1, -1
-2534.959961, 1229.520020, 37.290199, -152.398178, -1, -1, -1, 0, 0, 0, -1, -1
-2526.709961, 1229.520020, 37.290199, 27.601612, -1, -1, -1, 0, 0, 0, -1, -1
-2491.629883, 1214.380005, 37.290199, -38.264412, -1, -1, -1, 0, 0, 0, -1, -1
-2246.300049, 1486.430054, 0.250000, 103.194855, 484, -1, -1, 0, 0, 0, -1, -1
-2147.419922, 1458.959961, 0.250000, 0.000000, 484, -1, -1, 0, 0, 0, -1, -1
-2799.370117, 775.484009, 49.848099, 44.999992, -1, -1, -1, 0, 0, 0, -1, -1
-2799.310059, 770.341003, 49.848099, 50.000019, -1, -1, -1, 0, 0, 0, -1, -1
-2799.550049, 765.742004, 49.848099, 54.999996, -1, -1, -1, 0, 0, 0, -1, -1
-2785.270020, 763.508972, 51.381901, -90.000206, -1, -1, -1, 0, 0, 0, -1, -1
-2776.379883, 763.992981, 51.381901, -115.000076, -1, -1, -1, 0, 0, 0, -1, -1
-3014.719971, 949.411011, 0.250000, 145.806870, 453, -1, -1, 0, 0, 0, -1, -1
-3004.399902, 736.963013, 0.250000, 123.081650, 484, -1, -1, 0, 0, 0, -1, -1
-3026.939941, 1120.420044, 0.250000, 0.000000, 484, -1, -1, 0, 0, 0, -1, -1
-2641.209961, 861.114990, 63.227402, -62.910770, -1, -1, -1, 0, 0, 0, -1, -1
-2428.590088, 946.130005, 44.501900, -89.612885, -1, -1, -1, 0, 0, 0, -1, -1
-2631.489990, 595.838013, 20.492100, -90.000206, 416, -1, -1, 1, 0, 0, -1, -1
-2644.870117, 595.242981, 20.492100, -90.000206, 416, -1, -1, 0, 0, 0, -1, -1
-2968.199951, 497.776001, 0.250000, -179.999847, 493, -1, -1, 0, 0, 0, -1, -1
-2568.530029, 625.927979, 27.116899, 0.386985, -1, -1, -1, 0, 0, 0, -1, -1
-2552.979980, 625.927979, 27.116899, -179.613098, -1, -1, -1, 0, 0, 0, -1, -1
-2416.979980, 741.718018, 34.263901, -179.613098, -1, -1, -1, 0, 0, 0, -1, -1
-2438.540039, 741.718018, 34.263901, -179.613098, -1, -1, -1, 0, 0, 0, -1, -1
-2460.100098, 741.718018, 34.263901, -179.613098, -1, -1, -1, 0, 0, 0, -1, -1
-2455.949951, 741.718018, 34.263901, 0.386985, -1, -1, -1, 0, 0, 0, -1, -1
-2504.139893, 741.718018, 34.263901, 0.386985, -1, -1, -1, 0, 0, 0, -1, -1
-2545.409912, 643.351013, 27.116899, -89.612885, -1, -1, -1, 0, 0, 0, -1, -1
-2544.949951, 586.585999, 13.933700, -89.612885, -1, -1, -1, 0, 0, 0, -1, -1
-2546.270020, 631.831970, 13.933700, -89.612885, -1, -1, -1, 0, 0, 0, -1, -1
2482.290039, 1674.270020, 10.050000, 0.000000, -1, -1, -1, 0, 0, 0, -1, -1
2603.840088, 1856.189941, 10.050000, 90.000206, -1, -1, -1, 0, 0, 0, -1, -1
2599.669922, 1681.410034, 10.050000, -90.000206, -1, -1, -1, 0, 0, 0, -1, -1
2621.540039, 1895.880005, 10.050000, 0.000000, -1, -1, -1, 0, 0, 0, -1, -1
2629.909912, 1756.500000, 10.050000, -90.000206, -1, -1, -1, 0, 0, 0, -1, -1
2452.120117, 1631.140015, 10.050000, -179.999847, -1, -1, -1, 0, 0, 0, -1, -1
2365.100098, 1658.989990, 10.050000, 90.000206, -1, -1, -1, 0, 0, 0, -1, -1
2396.169922, 1631.430054, 10.050000, -179.999847, -1, -1, -1, 0, 0, 0, -1, -1
3006.770020, 1656.449951, 0.000000, 0.000000, 493, 484, -1, 3, 0, 0, -1, -1
1844.310059, 1244.800049, 10.050000, 90.000206, -1, -1, -1, 0, 0, 0, -1, -1
2040.150024, 1687.729980, 10.050000, -179.999847, -1, -1, -1, 0, 0, 0, -1, -1
2040.150024, 1559.930054, 10.050000, -179.999847, -1, -1, -1, 0, 0, 0, -1, -1
2040.150024, 1546.550049, 10.050000, -179.999847, -1, -1, -1, 0, 0, 0, -1, -1
2040.150024, 1606.829956, 10.050000, -179.999847, -1, -1, -1, 0, 0, 0, -1, -1
2040.150024, 1648.949951, 10.050000, -179.999847, -1, -1, -1, 0, 0, 0, -1, -1
2040.150024, 1695.390015, 10.050000, -179.999847, -1, -1, -1, 0, 0, 0, -1, -1
2040.150024, 1581.979980, 10.050000, -179.999847, -1, -1, -1, 0, 0, 0, -1, -1
2040.150024, 1502.449951, 10.050000, -179.999847, -1, -1, -1, 0, 0, 0, -1, -1
2040.150024, 1484.829956, 10.050000, -179.999847, -1, -1, -1, 0, 0, 0, -1, -1
2040.150024, 1425.609985, 10.050000, -179.999847, -1, -1, -1, 0, 0, 0, -1, -1
2040.150024, 1418.219971, 10.050000, -179.999847, -1, -1, -1, 0, 0, 0, -1, -1
2040.150024, 1398.510010, 10.050000, -179.999847, -1, -1, -1, 0, 0, 0, -1, -1
2040.150024, 1382.369995, 10.050000, -179.999847, -1, -1, -1, 0, 0, 0, -1, -1
2040.150024, 1335.339966, 10.050000, -179.999847, -1, -1, -1, 0, 0, 0, -1, -1
2040.150024, 1351.479980, 10.050000, -179.999847, -1, -1, -1, 0, 0, 0, -1, -1
2040.150024, 1303.010010, 10.050000, -179.999847, -1, -1, -1, 0, 0, 0, -1, -1
2040.150024, 1223.410034, 10.050000, -179.999847, -1, -1, -1, 0, 0, 0, -1, -1
2040.150024, 1239.550049, 10.050000, -179.999847, -1, -1, -1, 0, 0, 0, -1, -1
2051.239990, 1725.209961, 10.050000, 154.999985, -1, -1, -1, 0, 0, 0, -1, -1
2061.780029, 1747.989990, 10.050000, 154.999985, -1, -1, -1, 0, 0, 0, -1, -1
2071.600098, 1766.439941, 10.050000, 154.999985, -1, -1, -1, 0, 0, 0, -1, -1
2074.570068, 1772.880005, 10.050000, 154.999985, -1, -1, -1, 0, 0, 0, -1, -1
2098.060059, 1750.020020, 10.050000, -24.999981, -1, -1, -1, 0, 0, 0, -1, -1
2101.100098, 1755.760010, 10.050000, -24.999981, -1, -1, -1, 0, 0, 0, -1, -1
2088.479980, 1730.829956, 10.050000, -24.999981, -1, -1, -1, 0, 0, 0, -1, -1
2074.649902, 1695.390015, 10.050000, 0.000010, -1, -1, -1, 0, 0, 0, -1, -1
2074.649902, 1660.050049, 10.050000, 0.000010, -1, -1, -1, 0, 0, 0, -1, -1
2074.649902, 1622.390015, 10.050000, 0.000010, -1, -1, -1, 0, 0, 0, -1, -1
2074.649902, 1569.660034, 10.050000, 0.000010, -1, -1, -1, 0, 0, 0, -1, -1
2074.649902, 1559.930054, 10.050000, 0.000010, -1, -1, -1, 0, 0, 0, -1, -1
2074.649902, 1502.449951, 10.050000, 0.000010, -1, -1, -1, 0, 0, 0, -1, -1
2074.649902, 1484.829956, 10.050000, 0.000010, -1, -1, -1, 0, 0, 0, -1, -1
2074.649902, 1458.839966, 10.050000, 0.000010, -1, -1, -1, 0, 0, 0, -1, -1
2074.649902, 1414.619995, 10.050000, 0.000010, -1, -1, -1, 0, 0, 0, -1, -1
2074.649902, 1390.329956, 10.050000, 0.000010, -1, -1, -1, 0, 0, 0, -1, -1
2074.649902, 1354.810059, 10.050000, 0.000010, -1, -1, -1, 0, 0, 0, -1, -1
2074.649902, 1343.290039, 10.050000, 0.000010, -1, -1, -1, 0, 0, 0, -1, -1
2074.649902, 1314.469971, 10.050000, 0.000010, -1, -1, -1, 0, 0, 0, -1, -1
2074.649902, 1239.550049, 10.050000, 0.000010, -1, -1, -1, 0, 0, 0, -1, -1
2074.649902, 1231.369995, 10.050000, 0.000010, -1, -1, -1, 0, 0, 0, -1, -1
2123.179932, 1409.319946, 10.050000, -179.999847, -1, -1, -1, 0, 0, 0, -1, -1
2145.570068, 1397.439941, 10.050000, 0.000010, -1, -1, -1, 0, 0, 0, -1, -1
2119.989990, 1397.439941, 10.050000, 0.000010, -1, -1, -1, 0, 0, 0, -1, -1
2305.290039, 1480.119995, 42.719101, 90.000206, -1, -1, -1, 0, 0, 0, -1, -1
2282.469971, 1515.410034, 10.050000, -0.000010, -1, -1, -1, 0, 0, 0, -1, -1
1938.819946, 708.338989, 10.050000, -179.999847, -1, -1, -1, 0, 0, 0, -1, -1
1916.390015, 695.674011, 10.050000, 0.000037, -1, -1, -1, 0, 0, 0, -1, -1
2297.729980, 519.080017, 0.679000, -90.000206, 493, 484, -1, 0, 0, 0, -1, -1
2127.860107, 736.908020, 10.250000, 179.999847, -1, -1, -1, 0, 0, 0, -1, -1
2005.280029, 738.315979, 10.250000, 179.999847, -1, -1, -1, 0, 0, 0, -1, -1
2131.030029, 770.263977, 10.250000, 0.000003, -1, -1, -1, 0, 0, 0, -1, -1
2163.879883, 778.206970, 10.250000, -90.000206, -1, -1, -1, 0, 0, 0, -1, -1
2129.090088, 656.934998, 10.250000, 179.999847, -1, -1, -1, 0, 0, 0, -1, -1
2266.189941, 649.346985, 10.250000, 0.000003, -1, -1, -1, 0, 0, 0, -1, -1
2169.300049, 697.517029, 10.250000, 179.999847, -1, -1, -1, 0, 0, 0, -1, -1
2265.580078, 725.781006, 10.250000, 0.000003, -1, -1, -1, 0, 0, 0, -1, -1
2005.660034, 688.159973, 10.250000, 0.000003, -1, -1, -1, 0, 0, 0, -1, -1
1851.130005, 655.107971, 10.050000, 90.000206, -1, -1, -1, 0, 0, 0, -1, -1
1852.959961, 725.744019, 10.050000, 90.000206, -1, -1, -1, 0, 0, 0, -1, -1
2143.040039, 1009.809998, 10.050000, 90.000206, -1, -1, -1, 0, 0, 0, -1, -1
1844.859985, 1161.500000, 10.050000, 90.000206, -1, -1, -1, 0, 0, 0, -1, -1
2205.550049, 935.736023, 10.050000, 0.000017, -1, -1, -1, 0, 0, 0, -1, -1
2160.870117, 1028.910034, 10.050000, -90.000206, -1, -1, -1, 0, 0, 0, -1, -1
2040.150024, 1135.550049, 10.050000, -179.999847, -1, -1, -1, 0, 0, 0, -1, -1
2040.150024, 1061.430054, 10.050000, -179.999847, -1, -1, -1, 0, 0, 0, -1, -1
2040.150024, 1077.569946, 10.050000, -179.999847, -1, -1, -1, 0, 0, 0, -1, -1
2040.150024, 1025.189941, 10.050000, -179.999847, -1, -1, -1, 0, 0, 0, -1, -1
2040.150024, 1041.329956, 10.050000, -179.999847, -1, -1, -1, 0, 0, 0, -1, -1
2040.150024, 993.382019, 10.050000, -179.999847, -1, -1, -1, 0, 0, 0, -1, -1
2040.150024, 937.523987, 10.050000, -179.999847, -1, -1, -1, 0, 0, 0, -1, -1
2040.150024, 953.668030, 10.050000, -179.999847, -1, -1, -1, 0, 0, 0, -1, -1
2074.649902, 1176.819946, 10.050000, 0.000010, -1, -1, -1, 0, 0, 0, -1, -1
2074.649902, 1143.510010, 10.050000, 0.000010, -1, -1, -1, 0, 0, 0, -1, -1
2074.649902, 1135.550049, 10.050000, 0.000010, -1, -1, -1, 0, 0, 0, -1, -1
2074.649902, 1077.569946, 10.050000, 0.000010, -1, -1, -1, 0, 0, 0, -1, -1
2074.649902, 1061.430054, 10.050000, 0.000010, -1, -1, -1, 0, 0, 0, -1, -1
2074.649902, 993.382019, 10.050000, 0.000010, -1, -1, -1, 0, 0, 0, -1, -1
2074.649902, 953.668030, 10.050000, 0.000010, -1, -1, -1, 0, 0, 0, -1, -1
2074.649902, 937.523987, 10.050000, 0.000010, -1, -1, -1, 0, 0, 0, -1, -1
2131.129883, 1025.760010, 10.050000, -90.000206, -1, -1, -1, 0, 0, 0, -1, -1
2131.179932, 1012.979980, 10.050000, -90.000206, -1, -1, -1, 0, 0, 0, -1, -1
1881.569946, 957.468994, 10.050000, 90.000206, -1, -1, -1, 0, 0, 0, -1, -1
1881.569946, 960.492004, 10.050000, 90.000206, -1, -1, -1, 0, 0, 0, -1, -1
1881.569946, 963.629028, 10.050000, 90.000206, -1, -1, -1, 0, 0, 0, -1, -1
1881.569946, 988.500977, 10.050000, 90.000206, -1, -1, -1, 0, 0, 0, -1, -1
1881.569946, 1064.150024, 10.050000, 90.000206, -1, -1, -1, 0, 0, 0, -1, -1
2626.350098, 746.708984, 10.050000, 0.000020, -1, -1, -1, 0, 0, 0, -1, -1
2554.770020, 746.708984, 10.050000, 0.000020, -1, -1, -1, 0, 0, 0, -1, -1
2325.469971, 648.645996, 10.250000, 0.000020, -1, -1, -1, 0, 0, 0, -1, -1
2569.239990, 746.708984, 10.050000, 0.000020, -1, -1, -1, 0, 0, 0, -1, -1
2647.830078, 746.708984, 10.050000, 0.000020, -1, -1, -1, 0, 0, 0, -1, -1
2389.889893, 697.517029, 10.250000, 179.999847, -1, -1, -1, 0, 0, 0, -1, -1
2406.250000, 727.614014, 10.250000, 0.000020, -1, -1, -1, 0, 0, 0, -1, -1
2441.909912, 707.291992, 10.250000, -90.000206, -1, -1, -1, 0, 0, 0, -1, -1
2441.909912, 654.895020, 10.250000, -90.000206, -1, -1, -1, 0, 0, 0, -1, -1
3006.770020, 716.010010, 0.000000, 0.000000, 493, 484, -1, 3, 0, 0, -1, -1
2362.040039, 519.080017, 0.679000, -90.000206, 453, 484, -1, 0, 0, 0, -1, -1
2711.830078, 822.504028, 10.001100, 0.000010, 486, -1, -1, 0, 0, 0, -1, -1
2511.050049, 934.974976, 10.050000, -0.000010, -1, -1, -1, 0, 0, 0, -1, -1
2461.689941, 925.171997, 10.050000, 90.000206, -1, -1, -1, 0, 0, 0, -1, -1
2570.669922, 1036.170044, 10.050000, -0.000010, -1, -1, -1, 0, 0, 0, -1, -1
2824.070068, 925.984985, 10.050000, 0.000010, -1, -1, -1, 0, 0, 0, -1, -1
2807.979980, 940.966980, 10.050000, -179.999847, -1, -1, -1, 0, 0, 0, -1, -1
2585.290039, 1036.170044, 10.050000, -0.000010, -1, -1, -1, 0, 0, 0, -1, -1
2830.469971, 940.966980, 10.050000, -179.999847, -1, -1, -1, 0, 0, 0, -1, -1
2489.780029, 1407.109985, 10.050000, 0.000010, -1, -1, -1, 0, 0, 0, -1, -1
2454.419922, 1427.069946, 10.050000, 0.000010, -1, -1, -1, 0, 0, 0, -1, -1
2476.709961, 1427.069946, 10.050000, 0.000010, -1, -1, -1, 0, 0, 0, -1, -1
2454.239990, 1267.819946, 10.050000, 179.999847, -1, -1, -1, 0, 0, 0, -1, -1
2444.669922, 1267.819946, 10.050000, 179.999847, -1, -1, -1, 0, 0, 0, -1, -1
2455.379883, 1347.510010, 10.050000, 179.999847, -1, -1, -1, 0, 0, 0, -1, -1
2464.929932, 1347.510010, 10.050000, 179.999847, -1, -1, -1, 0, 0, 0, -1, -1
2443.260010, 1355.050049, 10.050000, 90.000206, -1, -1, -1, 0, 0, 0, -1, -1
2443.260010, 1335.900024, 10.050000, 90.000206, -1, -1, -1, 0, 0, 0, -1, -1
2471.379883, 1355.489990, 10.050000, -0.000010, -1, -1, -1, 0, 0, 0, -1, -1
2348.729980, 1469.459961, 10.050000, -90.000206, -1, -1, -1, 0, 0, 0, -1, -1
2772.409912, 1293.959961, 10.050000, 0.000010, -1, -1, -1, 0, 0, 0, -1, -1
2785.219971, 1293.959961, 10.050000, 0.000010, -1, -1, -1, 0, 0, 0, -1, -1
2791.540039, 1294.040039, 10.050000, 0.000010, -1, -1, -1, 0, 0, 0, -1, -1
2766.510010, 1268.739990, 10.050000, 90.000206, -1, -1, -1, 0, 0, 0, -1, -1
2766.510010, 1278.400024, 10.050000, 90.000206, -1, -1, -1, 0, 0, 0, -1, -1
2805.929932, 1332.489990, 10.050000, 90.000206, -1, -1, -1, 0, 0, 0, -1, -1
2805.929932, 1345.439941, 10.050000, 90.000206, -1, -1, -1, 0, 0, 0, -1, -1
2805.929932, 1326.060059, 10.050000, 90.000206, -1, -1, -1, 0, 0, 0, -1, -1
2805.929932, 1351.689941, 10.050000, 90.000206, -1, -1, -1, 0, 0, 0, -1, -1
2805.929932, 1364.510010, 10.050000, 90.000206, -1, -1, -1, 0, 0, 0, -1, -1
2813.500000, 1373.920044, 10.050000, 0.000010, -1, -1, -1, 0, 0, 0, -1, -1
2842.550049, 1373.920044, 10.050000, 0.000010, -1, -1, -1, 0, 0, 0, -1, -1
2848.989990, 1373.920044, 10.050000, 0.000010, -1, -1, -1, 0, 0, 0, -1, -1
2852.149902, 1364.560059, 10.050000, -90.000206, -1, -1, -1, 0, 0, 0, -1, -1
2852.149902, 1354.859985, 10.050000, -90.000206, -1, -1, -1, 0, 0, 0, -1, -1
2852.149902, 1348.459961, 10.050000, -90.000206, -1, -1, -1, 0, 0, 0, -1, -1
3006.770020, 1253.900024, 0.000000, 179.999847, 453, 484, -1, 3, 0, 0, -1, -1
2159.070068, 2799.629883, 10.159800, 0.000000, 481, -1, -1, 0, 25, 10, -1, -1
2142.189941, 2810.530029, 10.159800, 90.000206, -1, -1, -1, 0, 25, 10, -1, -1
2167.830078, 2787.679932, 10.159800, 179.999847, -1, -1, -1, 0, 25, 10, -1, -1
2261.429932, 2770.620117, 10.159800, 90.000206, 574, -1, -1, 0, 25, 10, -1, -1
2347.850098, 2754.600098, 10.159800, -90.000206, -1, -1, -1, 0, 25, 10, -1, -1
2167.379883, 2754.570068, 10.159800, -90.000206, -1, -1, -1, 0, 25, 10, -1, -1
2167.379883, 2744.260010, 10.159800, -90.000206, -1, -1, -1, 0, 25, 10, -1, -1
2167.379883, 2720.810059, 10.159800, 90.000206, -1, -1, -1, 0, 25, 10, -1, -1
2146.590088, 2756.590088, 10.159800, -90.000206, -1, -1, -1, 0, 25, 10, -1, -1
2331.860107, 2577.939941, 10.400100, -174.424973, -1, -1, -1, 0, 25, 10, -1, -1
2399.979980, 2799.889893, 10.159800, -90.000206, 443, -1, -1, 0, 25, 10, -1, -1
2347.850098, 2771.520020, 10.159800, 90.000206, -1, -1, -1, 0, 25, 10, -1, -1
2606.459961, 2072.020020, 10.143500, -90.000206, -1, -1, -1, 0, 25, 10, -1, -1
2629.919922, 2009.040039, 10.143500, 0.000000, -1, -1, -1, 0, 25, 10, -1, -1
2636.580078, 1987.969971, 10.143500, 179.999847, -1, -1, -1, 0, 25, 10, -1, -1
2559.340088, 2058.709961, 10.143500, 0.000000, -1, -1, -1, 0, 25, 10, -1, -1
2588.250000, 2053.120117, 10.143500, -86.547569, -1, -1, -1, 0, 25, 10, -1, -1
2605.389893, 2086.129883, 10.143500, 179.999847, -1, -1, -1, 0, 25, 10, -1, -1
2616.489990, 2099.639893, 10.143500, -0.000010, -1, -1, -1, 0, 25, 10, -1, -1
2578.850098, 1989.589966, 10.143500, 85.170753, -1, -1, -1, 0, 25, 10, -1, -1
2590.439941, 1967.290039, 10.143500, -176.466995, -1, -1, -1, 0, 25, 10, -1, -1
3011.379883, 2012.260010, 1.000000, -60.000137, 453, -1, -1, 3, 0, 0, -1, -1
2564.729980, 2279.770020, 10.127000, 90.000206, -1, -1, -1, 0, 0, 0, -1, -1
2582.320068, 2279.060059, 10.127000, -90.000206, -1, -1, -1, 0, 0, 0, -1, -1
2593.129883, 2267.889893, 10.127000, -90.000206, -1, -1, -1, 0, 0, 0, -1, -1
2580.510010, 2250.600098, 10.127000, 179.999847, -1, -1, -1, 0, 0, 0, -1, -1
2594.169922, 2250.600098, 10.127000, -0.000014, -1, -1, -1, 0, 0, 0, -1, -1
2610.620117, 2266.889893, 10.127000, 90.000206, -1, -1, -1, 0, 0, 0, -1, -1
2610.969971, 2279.550049, 10.127000, -90.000206, -1, -1, -1, 0, 0, 0, -1, -1
2564.729980, 2271.120117, 10.127000, 90.000206, -1, -1, -1, 0, 0, 0, -1, -1
2822.399902, 2160.010010, 10.341900, -90.000206, 510, -1, -1, 0, 0, 0, -1, -1
2440.669922, 2021.119995, 10.252000, 90.000206, -1, -1, -1, 0, 25, 10, -1, -1
2440.669922, 2009.459961, 10.252000, -90.000206, -1, -1, -1, 0, 25, 10, -1, -1
2453.760010, 1991.069946, 10.252000, 179.999847, -1, -1, -1, 0, 25, 10, -1, -1
2233.139893, 2007.099976, 10.400100, 179.999847, -1, -1, -1, 0, 25, 10, -1, -1
2232.399902, 1998.900024, 15.591200, 179.999847, -1, -1, -1, 0, 25, 10, -1, -1
2289.899902, 1971.569946, 30.837500, 0.000000, -1, -1, -1, 0, 25, 10, -1, -1
2276.129883, 1939.150024, 9.007130, 0.000000, -1, -1, -1, 0, 25, 10, -1, -1
2269.000000, 1952.800049, 14.664700, 0.000000, -1, -1, -1, 0, 25, 10, -1, -1
2283.500000, 1953.170044, 25.328300, 0.000000, -1, -1, -1, 0, 25, 10, -1, -1
2235.129883, 2038.650024, 10.400100, -90.000206, -1, -1, -1, 0, 25, 10, -1, -1
2216.679932, 2034.689941, 10.400100, 90.000206, -1, -1, -1, 0, 25, 10, -1, -1
2258.229980, 2062.850098, 10.400100, -0.000020, -1, -1, -1, 0, 25, 10, -1, -1
2170.820068, 1822.219971, 10.400100, -0.000020, -1, -1, -1, 0, 25, 10, -1, -1
2198.969971, 1810.180054, 10.400100, 179.999847, -1, -1, -1, 0, 25, 10, -1, -1
2868.479980, 2424.739990, 10.410800, 44.999992, -1, -1, -1, 0, 15, 10, -1, -1
2814.479980, 2406.550049, 10.410800, -44.999992, -1, -1, -1, 0, 15, 10, -1, -1
2853.050049, 2372.020020, 10.410800, 90.000206, -1, -1, -1, 0, 15, 10, -1, -1
2841.129883, 2338.469971, 10.410800, -90.000206, -1, -1, -1, 0, 15, 10, -1, -1
2471.429932, 2529.840088, 22.035801, 179.999847, -1, -1, -1, 0, 50, 30, -1, -1
2433.929932, 2529.840088, 22.035801, -0.000010, -1, -1, -1, 0, 50, 10, -1, -1
2530.419922, 2520.979980, 22.035801, -90.000206, -1, -1, -1, 0, 50, 5, -1, -1
2530.419922, 2491.409912, 22.035801, -90.000206, -1, -1, -1, 0, 50, 5, -1, -1
2506.870117, 2499.889893, 22.035801, -90.000206, -1, -1, -1, 0, 50, 5, -1, -1
2476.270020, 2496.570068, 22.035801, -0.000010, -1, -1, -1, 0, 50, 5, -1, -1
2530.419922, 2491.379883, 9.953200, -90.000206, -1, -1, -1, 0, 50, 5, -1, -1
2471.429932, 2529.840088, 9.953200, 179.999847, -1, -1, -1, 0, 50, 30, -1, -1
2444.919922, 2547.459961, 9.953200, 179.999847, -1, -1, -1, 0, 50, 30, -1, -1
2433.929932, 2529.840088, 9.953200, -0.000010, -1, -1, -1, 0, 50, 10, -1, -1
3011.379883, 2596.540039, 1.000000, -134.999741, 453, -1, -1, 3, 0, 0, -1, -1
2524.649902, 2769.120117, 10.159800, -179.999847, -1, -1, -1, 0, 25, 10, -1, -1
2533.060059, 2769.120117, 10.159800, 0.000017, -1, -1, -1, 0, 25, 10, -1, -1
2566.290039, 2791.050049, 10.159800, 0.000017, -1, -1, -1, 0, 25, 10, -1, -1
2562.040039, 2769.169922, 10.159800, 0.000017, -1, -1, -1, 0, 25, 10, -1, -1
2586.419922, 2772.590088, 10.159800, -90.000206, -1, -1, -1, 0, 25, 10, -1, -1
2549.699951, 2747.340088, 10.159800, 0.000045, -1, -1, -1, 0, 25, 10, -1, -1
2570.379883, 2747.340088, 10.159800, -179.999847, -1, -1, -1, 0, 25, 10, -1, -1
2524.649902, 2738.000000, 10.159800, 0.000035, -1, -1, -1, 0, 25, 10, -1, -1
2533.010010, 2728.010010, 10.159800, 0.000035, -1, -1, -1, 0, 25, 10, -1, -1
2528.840088, 2719.449951, 10.159800, 0.000035, -1, -1, -1, 0, 25, 10, -1, -1
2505.330078, 2719.590088, 10.159800, 90.000206, -1, -1, -1, 0, 25, 10, -1, -1
2505.330078, 2731.860107, 10.159800, -90.000206, -1, -1, -1, 0, 25, 10, -1, -1
2513.909912, 3014.719971, 1.000000, -30.000015, 453, -1, -1, 3, 0, 0, -1, -1
3005.590088, 2989.689941, 1.000000, 44.999992, 453, -1, -1, 3, 0, 0, -1, -1
2053.030029, 2479.979980, 10.400100, 0.000000, -1, -1, -1, 0, 25, 10, -1, -1
2076.449951, 2468.689941, 10.400100, -179.999847, -1, -1, -1, 0, 25, 10, -1, -1
2126.669922, 2468.689941, 10.400100, 0.000000, -1, -1, -1, 0, 25, 10, -1, -1
2153.550049, 2490.719971, 10.400100, -90.000206, -1, -1, -1, 0, 25, 10, -1, -1
2205.719971, 2474.909912, 10.400100, 0.000000, -1, -1, -1, 0, 25, 10, -1, -1
2194.379883, 2470.459961, 10.400100, 179.999847, -1, -1, -1, 0, 25, 10, -1, -1
2251.699951, 2459.919922, 9.919020, -179.999847, 598, -1, -1, 0, 100, 25, -1, -1
2260.239990, 2459.919922, 9.919020, 0.000010, 598, -1, -1, 0, 100, 25, -1, -1
2277.879883, 2477.360107, 9.919020, -179.999847, 598, -1, -1, 0, 100, 25, -1, -1
2256.100098, 2470.189941, 9.919020, 90.000206, 598, -1, -1, 0, 100, 25, -1, -1
2263.629883, 2474.500000, 2.555780, 0.000010, 598, -1, -1, 0, 100, 25, -1, -1
2314.600098, 2475.149902, 2.555780, 90.000206, 598, -1, -1, 0, 100, 25, -1, -1
2272.300049, 2443.290039, 2.555780, -90.000206, 598, -1, -1, 0, 100, 25, -1, -1
2259.699951, 2430.939941, 2.555780, 0.000010, 598, -1, -1, 0, 100, 25, -1, -1
2263.989990, 2430.939941, -8.223080, 0.000010, 598, -1, -1, 0, 100, 25, -1, -1
2276.939941, 2430.939941, -8.223080, 0.000010, 598, -1, -1, 0, 100, 25, -1, -1
2303.360107, 2430.939941, -8.223080, -179.999847, 598, -1, -1, 0, 100, 25, -1, -1
2315.000000, 2495.260010, -8.223080, 90.000206, 598, -1, -1, 0, 100, 25, -1, -1
2239.679932, 2471.239990, -8.223080, 90.000206, 598, -1, -1, 0, 100, 25, -1, -1
2403.600098, 2547.320068, 22.035801, 90.000206, -1, -1, -1, 0, 50, 0, -1, -1
2403.600098, 2561.770020, 9.953200, 90.000206, -1, -1, -1, 0, 0, 0, -1, -1
1381.479980, 1034.180054, 9.822220, 0.000000, 2, 2, 2, 0, 0, 0, 0, 0
1384.890015, 770.593018, 0.000000, 0.000000, -1, -1, -1, 0, 0, 0, -1, -1
1455.060059, 906.143005, 10.056100, 0.000000, 2, 2, 2, 0, 0, 0, -1, -1
1444.420044, 906.143005, 10.056100, 0.000000, 2, 2, 2, 0, 0, 0, -1, -1
1381.910034, 1057.469971, 10.056100, 0.000000, 4, 4, 2, 0, 0, 0, -1, -1
1412.800049, 708.132019, 9.822220, 0.000000, -1, -1, 0, 0, 0, 0, 0, 0
1435.790039, 931.893005, 11.021300, 0.000000, 4, 5, -1, 0, 0, 0, -1, -1
1412.800049, 746.419983, 9.822220, 0.000000, -1, -1, 0, 0, 0, 0, 0, 0
1342.079956, 1744.599976, 10.045900, 0.000000, 9, 9, 2, 0, 0, 0, 0, 0
1325.060059, 1278.810059, 10.045900, 0.000000, -1, -1, 0, 0, 0, 0, 0, 0
1305.800049, 1278.810059, 10.045900, 0.000000, -1, -1, 0, 0, 0, 0, 0, 0
1328.739990, 1583.199951, 9.822220, -90.000206, 519, -1, -1, 3, 0, 0, -1, -1
1317.439941, 1451.739990, 9.822220, 179.999847, 593, -1, -1, 3, 0, 0, -1, -1
1286.989990, 1449.680054, 9.822220, -90.000206, 417, -1, -1, 3, 0, 0, -1, -1
1352.160034, 1779.069946, 9.822220, -90.000206, 593, -1, -1, 3, 0, 0, -1, -1
1370.979980, 1228.060059, 9.822220, 0.000000, 593, -1, -1, 3, 0, 0, -1, -1
1331.790039, 1451.890015, 9.822220, 179.999847, 593, -1, -1, 3, 0, 0, -1, -1
1304.079956, 1451.739990, 9.822220, 179.999847, 593, -1, -1, 3, 0, 0, -1, -1
1352.160034, 1790.540039, 9.822220, -90.000206, 593, -1, -1, 3, 0, 0, -1, -1
1328.739990, 1612.359985, 9.822220, -90.000206, 519, -1, -1, 3, 0, 0, -1, -1
1458.300049, 787.695984, 9.822220, 0.000000, -1, -1, 0, 0, 0, 0, 0, 0
1522.329956, 787.695984, 9.822220, 0.000000, -1, -1, 0, 0, 0, 0, 0, 0
1491.030029, 727.190979, 9.822220, 90.000206, 442, -1, -1, 3, 0, 0, -1, -1
1543.479980, 746.778015, 9.822220, 0.000000, 442, -1, -1, 3, 0, 0, -1, -1
1469.060059, 1075.359985, 12.063300, 0.000000, -1, -1, -1, 0, 0, 0, -1, -1
1677.770020, 988.708984, 9.859370, 0.000000, 5, 5, 6, 0, 0, 0, -1, -1
1487.479980, 1017.820007, 12.063300, 0.000000, 477, -1, -1, 0, 0, 0, -1, -1
1655.430054, 988.471985, 9.986170, 0.000000, -1, -1, -1, 0, 0, 0, -1, -1
1668.260010, 988.471985, 9.986170, 179.999847, -1, -1, -1, 0, 0, 0, -1, -1
1655.349976, 999.362976, 9.986170, -0.000010, -1, -1, -1, 0, 0, 0, -1, -1
1658.550049, 1039.550049, 9.986170, -0.000010, -1, -1, -1, 0, 0, 0, -1, -1
1674.599976, 1028.500000, 9.986170, 179.999847, -1, -1, -1, 0, 0, 0, -1, -1
1665.089966, 1028.500000, 9.986170, 0.000035, -1, -1, -1, 0, 0, 0, -1, -1
1685.949951, 1178.329956, 33.826099, 0.000000, 4, 2, 2, 0, 0, 0, 0, 0
1685.839966, 1297.939941, 10.045900, 0.000000, -1, -1, 0, 0, 0, 0, 0, 0
1657.000000, 1317.329956, 10.045900, 0.000000, 477, -1, 0, 0, 0, 0, 0, 0
1650.530029, 1317.209961, 10.045900, 0.000000, -1, -1, 0, 0, 0, 0, 0, 0
1692.099976, 1288.729980, 10.045900, 0.000000, -1, -1, 0, 0, 0, 0, 0, 0
1618.170044, 1851.479980, 10.045900, 0.000000, -1, -1, -1, 0, 0, 0, 0, 0
1608.439941, 1832.530029, 10.045900, 0.000000, -1, -1, -1, 0, 0, 0, 0, 0
1593.630005, 1832.530029, 10.045900, 0.000000, -1, -1, -1, 0, 0, 0, 0, 0
1596.000000, 1838.469971, 10.045900, 0.000000, -1, -1, -1, 0, 0, 0, 0, 0
1602.260010, 1838.469971, 10.045900, 0.000000, -1, -1, -1, 0, 0, 0, 0, 0
1601.219971, 1851.329956, 10.045900, 0.000000, -1, -1, -1, 0, 0, 0, 0, 0
1597.010010, 1851.329956, 10.045900, 0.000000, -1, -1, -1, 0, 0, 0, 0, 0
1590.569946, 1851.329956, 10.045900, 0.000000, -1, -1, -1, 0, 0, 0, 0, 0
1619.650024, 1825.599976, 10.045900, 0.000000, 416, -1, -1, 1, 0, 0, 0, 0
1352.160034, 1801.569946, 9.822220, -90.000206, 593, -1, -1, 3, 0, 0, -1, -1
1594.349976, 2746.959961, 10.607500, 0.000000, -1, -1, -1, 0, 0, 0, -1, -1
1609.250000, 2719.419922, 10.607500, 0.000000, -1, -1, -1, 0, 0, 0, -1, -1
1580.439941, 2838.100098, 10.607500, 0.000000, -1, -1, -1, 0, 0, 0, -1, -1
1657.959961, 2719.419922, 10.607500, 0.000000, -1, -1, -1, 0, 0, 0, -1, -1
1651.890015, 2746.959961, 10.607500, 0.000000, -1, -1, -1, 0, 0, 0, -1, -1
1593.890015, 2807.239990, 10.607500, 0.000000, -1, -1, -1, 0, 0, 0, -1, -1
1630.060059, 2807.959961, 10.607500, 0.000000, -1, -1, -1, 0, 0, 0, -1, -1
1709.609985, 2700.629883, 10.607500, 0.000000, -1, -1, -1, 0, 0, 0, -1, -1
1637.819946, 2576.439941, 10.607500, 0.000000, -1, -1, -1, 0, 0, 0, -1, -1
1492.410034, 2540.360107, 10.607500, 90.000206, -1, -1, -1, 0, 0, 0, -1, -1
1655.400024, 2835.159912, 10.607500, 0.000000, -1, -1, -1, 0, 0, 0, -1, -1
1614.599976, 2835.209961, 10.607500, 0.000000, -1, -1, -1, 0, 0, 0, -1, -1
1602.969971, 2362.469971, 10.222200, 0.000000, -1, -1, -1, 0, 0, 0, -1, -1
1614.180054, 2362.489990, 10.222200, 0.000000, -1, -1, -1, 0, 0, 0, -1, -1
1709.040039, 2308.149902, 10.222200, 0.000000, -1, -1, -1, 0, 0, 0, -1, -1
1727.199951, 2353.540039, 10.222200, 90.000206, -1, -1, -1, 0, 0, 0, -1, -1
1668.910034, 2994.350098, -1.000000, 90.000206, 453, -1, -1, 3, 0, 0, -1, -1
2011.439941, 2755.800049, 10.607500, 0.000000, -1, -1, -1, 0, 0, 0, -1, -1
1919.530029, 2760.739990, 10.607500, 90.000206, -1, -1, -1, 0, 0, 0, -1, -1
1928.089966, 2656.129883, 10.607500, 0.000000, -1, -1, -1, 0, 0, 0, -1, -1
1978.660034, 2658.199951, 10.607500, 0.000000, -1, -1, -1, 0, 0, 0, -1, -1
2044.640015, 2658.199951, 10.607500, 0.000000, -1, -1, -1, 0, 0, 0, -1, -1
2059.110107, 2730.090088, 10.607500, 0.000000, -1, -1, -1, 0, 0, 0, -1, -1
2009.579956, 2728.649902, 10.607500, 0.000000, -1, -1, -1, 0, 0, 0, -1, -1
2121.159912, 3010.000000, -1.000000, 90.000206, 453, -1, -1, 3, 0, 0, -1, -1
1535.969971, 2257.909912, 10.422400, 0.000000, -1, -1, -1, 0, 0, 0, -1, -1
1532.530029, 2268.550049, 10.422400, 0.000000, -1, -1, -1, 0, 0, 0, -1, -1
1396.959961, 2529.129883, 10.607500, 90.000206, -1, -1, -1, 0, 0, 0, -1, -1
1367.250000, 2520.439941, 10.607500, -90.000206, -1, -1, -1, 0, 0, 0, -1, -1
1515.780029, 2268.550049, 10.422400, 0.000000, -1, -1, -1, 0, 0, 0, -1, -1
1499.140015, 2268.550049, 10.422400, 0.000000, -1, -1, -1, 0, 0, 0, -1, -1
1518.729980, 2280.659912, 10.422400, 0.000000, -1, -1, -1, 0, 0, 0, -1, -1
1525.500000, 2291.300049, 10.422400, 0.000000, -1, -1, -1, 0, 0, 0, -1, -1
1492.109985, 2291.300049, 10.422400, 0.000000, -1, -1, -1, 0, 0, 0, -1, -1
1385.869995, 2279.570068, 10.422400, 90.000206, -1, -1, -1, 0, 0, 0, -1, -1
1385.869995, 2262.820068, 10.422400, 90.000206, -1, -1, -1, 0, 0, 0, -1, -1
1385.869995, 2246.169922, 10.422400, 90.000206, -1, -1, -1, 0, 0, 0, -1, -1
1434.239990, 2578.110107, 10.607500, 0.000000, -1, -1, -1, 0, 0, 0, -1, -1
1274.130005, 2603.149902, 10.607500, 0.000000, -1, -1, -1, 0, 0, 0, -1, -1
1279.750000, 2546.899902, 10.607500, 90.000206, -1, -1, -1, 0, 0, 0, -1, -1
1421.699951, 2867.830078, 10.638000, 90.000206, -1, -1, -1, 0, 0, 0, -1, -1
1421.699951, 2830.229980, 10.638000, -90.000206, -1, -1, -1, 0, 0, 0, -1, -1
1460.609985, 2839.040039, 10.638000, 0.000000, -1, -1, -1, 0, 0, 0, -1, -1
1469.420044, 2878.979980, 10.638000, 179.999847, -1, -1, -1, 0, 0, 0, -1, -1
1496.260010, 2879.070068, 10.638000, 0.000000, -1, -1, -1, 0, 0, 0, -1, -1
1489.589966, 2838.929932, 10.638000, -179.999847, -1, -1, -1, 0, 0, 0, -1, -1
1291.890015, 2994.350098, -1.000000, 90.000206, 453, -1, -1, 3, 0, 0, -1, -1
1730.459961, 2018.020020, 10.662600, -90.000206, -1, -1, -1, 0, 0, 0, -1, -1
1730.459961, 1982.699951, 10.662600, -90.000206, -1, -1, -1, 0, 0, 0, -1, -1
1730.459961, 1951.229980, 10.662600, -90.000206, -1, -1, -1, 0, 0, 0, -1, -1
1744.319946, 2002.500000, 10.662600, -90.000206, -1, -1, -1, 0, 0, 0, -1, -1
1744.180054, 1887.550049, 10.662600, -90.000206, -1, -1, -1, 0, 0, 0, -1, -1
1537.780029, 2214.419922, 10.422400, 0.000000, -1, -1, -1, 0, 0, 0, -1, -1
1531.000000, 2214.419922, 10.422400, 0.000000, -1, -1, -1, 0, 0, 0, -1, -1
1541.239990, 2203.689941, 10.422400, 0.000000, -1, -1, -1, 0, 0, 0, -1, -1
1496.510010, 2203.679932, 10.422400, 0.000000, -1, -1, -1, 0, 0, 0, -1, -1
2119.979980, 1988.459961, 10.607500, -179.999847, -1, -1, -1, 0, 0, 0, -1, -1
2119.979980, 1942.790039, 10.607500, -179.999847, -1, -1, -1, 0, 0, 0, -1, -1
2119.979980, 1929.239990, 10.607500, -179.999847, -1, -1, -1, 0, 0, 0, -1, -1
2119.979980, 1902.150024, 10.607500, -179.999847, -1, -1, -1, 0, 0, 0, -1, -1
2119.979980, 1893.959961, 10.607500, -179.999847, -1, -1, -1, 0, 0, 0, -1, -1
2107.600098, 1838.790039, 10.607500, 154.999985, -1, -1, -1, 0, 0, 0, -1, -1
2087.239990, 1797.560059, 10.607500, 154.999985, -1, -1, -1, 0, 0, 0, -1, -1
2136.659912, 1826.849976, 10.294400, -24.999981, -1, -1, -1, 0, 0, 0, -1, -1
2121.959961, 1797.560059, 10.294400, -24.999981, -1, -1, -1, 0, 0, 0, -1, -1
2154.239990, 1929.239990, 10.607500, 0.000010, -1, -1, -1, 0, 0, 0, -1, -1
2154.239990, 1954.410034, 10.607500, 0.000010, -1, -1, -1, 0, 0, 0, -1, -1
2154.239990, 1880.189941, 10.607500, 0.000010, -1, -1, -1, 0, 0, 0, -1, -1
2104.139893, 2059.659912, 10.315700, -90.000206, -1, -1, -1, 0, 0, 0, -1, -1
2104.139893, 2069.360107, 10.315700, -90.000206, -1, -1, -1, 0, 0, 0, -1, -1
2104.139893, 2076.110107, 10.315700, 90.000206, -1, -1, -1, 0, 0, 0, -1, -1
2103.959961, 2092.469971, 10.315700, -90.000206, -1, -1, -1, 0, 0, 0, -1, -1
2103.959961, 2046.479980, 10.315700, 90.000206, -1, -1, -1, 0, 0, 0, -1, -1
2119.979980, 2085.610107, 10.607500, -179.999847, -1, -1, -1, 0, 0, 0, -1, -1
2119.979980, 2050.179932, 10.607500, -179.999847, -1, -1, -1, 0, 0, 0, -1, -1
2119.979980, 2130.550049, 10.607500, -179.999847, -1, -1, -1, 0, 0, 0, -1, -1
2119.979980, 2163.679932, 10.607500, -179.999847, -1, -1, -1, 0, 0, 0, -1, -1
2119.979980, 2199.030029, 10.607500, -179.999847, -1, -1, -1, 0, 0, 0, -1, -1
2119.979980, 2006.089966, 10.607500, -179.999847, -1, -1, -1, 0, 0, 0, -1, -1
2154.239990, 2006.089966, 10.607500, 0.000010, -1, -1, -1, 0, 0, 0, -1, -1
2154.239990, 2083.969971, 10.607500, 0.000010, -1, -1, -1, 0, 0, 0, -1, -1
2154.239990, 2047.319946, 10.607500, 0.000010, -1, -1, -1, 0, 0, 0, -1, -1
2154.239990, 2113.120117, 10.607500, 0.000010, -1, -1, -1, 0, 0, 0, -1, -1
2154.239990, 2178.610107, 10.607500, 0.000010, -1, -1, -1, 0, 0, 0, -1, -1
2154.239990, 2194.360107, 10.607500, 0.000010, -1, -1, -1, 0, 0, 0, -1, -1
